209100182.72633183002471923828125
130920894.26772870123386383056641
72006768.030619114637374877929688
41110660.600750759243965148925781
24978201.142138730734586715698242
16210903.317500011995434761047363
11098378.109843345358967781066895
7926797.6977490866556763648986816
5861635.1018279567360877990722656
4460649.5362996682524681091308594
3475377.0318747493438422679901123
2762220.8750859582796692848205566
2233247.3735892260447144508361816
1832295.3896727799437940120697021
1522599.0625071797985583543777466
1279560.8298965175636112689971924
1086071.994619326200336217880249
930031.12147816398646682500839233
802751.38322366483043879270553589
697856.86476462706923484802246094
610597.41887856170069426298141479
537405.01596881321165710687637329
475536.86980681843124330043792725
422869.67833011795300990343093872
377743.04100440110778436064720154
338845.42161459248745813965797424
305131.20893152081407606601715088
275759.63211632636375725269317627
250049.73897151177516207098960876
227452.25462116918060928583145142
207509.32328894798411056399345398
189839.68920544543652795255184174
174126.30588917087879963219165802
160104.01702736297738738358020782
147549.87398979489807970821857452
136275.47034827590687200427055359
126120.83170585827610921114683151
116949.51384055969538167119026184
108644.64624589490995276719331741
101105.7203207652200944721698761
94246.554685830429662019014358521
87994.35348328674444928765296936
82283.19343342789215967059135437
77055.295504567708121612668037415
72260.171978965357993729412555695
67853.571155616024043411016464233
63796.593511408129415940493345261
60054.9485486341072828508913517
56598.327581324228958692401647568
53400.122086399402178358286619186
50437.533758751254936214536428452
47689.200906102043518330901861191
45135.92673045066476333886384964
42760.553612703515682369470596313
40547.71394339035032317042350769
38483.615227291811606846749782562
36555.854240036635019350796937943
34753.635744085178885143250226974
33067.173462675527844112366437912
31487.194795575374882901087403297
30005.310626574078924022614955902
28613.918471157023304840549826622
27306.117441913356742588803172112
26075.666230798931792378425598145
24917.355282782162248622626066208
23826.112497522968624252825975418
22797.136653600067802472040057182
21826.034166904380981577560305595
20908.77920782652290654368698597
20041.678222157337586395442485809
19221.338315574736043345183134079
18444.639034270432603079825639725
17708.70713632847764529287815094
17010.894001574542926391586661339
16348.755373163585318252444267273
15720.033163321259053191170096397
15122.639089372336457017809152603
14554.639935288081687758676707745
14014.244259147224511252716183662
13499.790388705081568332388997078
13009.735566188057418912649154663
12542.646119884895597351714968681
12097.188554439948347862809896469
11672.121464261366782011464238167
11266.288185390130820451304316521
10878.610110747844373690895736217
10508.080602075160641106776893139
10153.759439245373869198374450207
9814.7677541224438755307346582413
9490.284566713367894408293068409
9179.6715906976642145309597253799
8882.2815433002306235721334815025
8597.41763030624861130490899086
8324.4266518589956831419840455055
8062.6958549944365586270578205585
7811.6500431031663538306020200253
7570.7489189718853594968095421791
7339.484640389623564260546118021
7117.3795693837837461614981293678
6903.9841980060318746836856007576
6698.8752352456549488124437630177
6501.6538411301171436207368969917
6311.9439953993642120622098445892
6129.390989330096090270671993494
5953.6600303530813107499852776527
5784.4349500653570430586114525795
5621.4170071009357343427836894989
5464.3237770993700905819423496723
5312.8881227104830031748861074448
5166.8572372037770037422887980938
5025.9917558201132123940624296665
4890.0649295172897836891934275627
4758.8618562260917315143160521984
4632.1787651543018000666052103043
4509.822350057498624664731323719
4391.6091477411837331601418554783
4277.3649583727501521934755146503
4166.9243044667964568361639976501
4060.1299256664865424681920558214
3956.8323066795528575312346220016
3856.8892359421520268369931727648
3760.1653927795864547078963369131
3666.531961011349267209880053997
3575.8662671108231734251603484154
3488.0514411787889912375248968601
3402.9760991259413458465132862329
3320.5341267904786946019157767296
3240.6531281709394534118473529816
3163.2567527922865338041447103024
3088.248627887070597353158518672
3015.53682828214050459791906178
2945.0336394578130239096935838461
2876.6553348795791862357873469591
2810.3219666449854230450000613928
2745.9571685590312881686259061098
2683.4879708163057330239098519087
2622.844625527963216882199048996
2563.9604423866926481423433870077
2506.7716338134337092924397438765
2451.2171689765173141495324671268
2397.238636116845555079635232687
2344.7801126526615007605869323015
2293.7880425740909231535624712706
2244.2111206716517699533142149448
2196.0001831742933973146136850119
2149.1081044015222687448840588331
2103.4896990610773173102643340826
2059.1016298484455546713434159756
2015.9023200275819363014306873083
1973.8518706935310547123663127422
1932.9119824374586187332170084119
1893.0458811529895228886744007468
1854.2182477397720958833815529943
1816.3951514760810823645442724228
1779.5439868469297834963072091341
1743.6367390466136839677346870303
1708.6551582456606865889625623822
1674.57066576459624229755718261
1641.3546656199162043776595965028
1608.9796456105236757139209657907
1577.4191298863443080335855484009
1546.6476338659399516473058611155
1516.6406213734601351461606100202
1487.3744638731109262153040617704
1458.8264016867449299752479419112
1430.9745070870083054614951834083
1403.7976491649210402101743966341
1377.2754603767855314799817278981
1351.3883046809162351564737036824
1326.1172471799491177080199122429
1301.4440251894236553198425099254
1277.3510206578912402619607746601
1253.8212338681710207310970872641
1230.8382583533812066889367997646
1208.3862569651680587412556633353
1186.4499390351136298704659566283
1165.0145385736366279161302372813
1144.0657934538144218095112591982
1123.5899255305062069965060800314
1103.5751166383715826668776571751
1084.0131144942229184380266815424
1064.8914475065841998002724722028
1046.197705762563145981403067708
1027.9198957444573352404404431581
1010.0464242091161395364906638861
992.56608277269481277471641078591
975.46803316642058234720025211573
958.74179313084732712013646960258
942.37722291780971772823249921203
926.36451237092865085287485271692
910.69416855703707369684707373381
895.35700392237765754543943330646
880.34412494877074095711577683687
865.64692128624028555350378155708
851.25705533981908956775441765785
837.16645228938398304308066144586
823.36729052246334958908846601844
809.85199246099000447429716587067
796.61321576391674170736223459244
783.64384488855444033106323331594
770.93764993171987498499220237136
758.49108691575554530572844669223
746.29798922039537956152344122529
734.35197040199386719905305653811
722.64683486687590630026534199715
711.17657129307258401240687817335
699.93534630855197065102402120829
688.91749841479497717955382540822
678.11753214510326870367862284184
667.53011244752224229159764945507
657.15005928275877522537484765053
646.97234242790841562964487820864
636.9920764772620032090344466269
627.20451603184426403458928689361
617.60505106975006128777749836445
608.18920248969527619919972494245
598.95261782055933963420102372766
589.89106709002328443602891638875
581.00043884572585284331580623984
572.27673632265907599503407254815
563.71607375080782276199897751212
555.31467279731452890700893476605
547.06885913769838225562125444412
538.97505915091255701554473489523
531.02979673325046405807370319963
523.22969022633310487435664981604
515.57144945462368923472240567207
508.05187286811514013606938533485
500.667844786024375025590416044
493.41633273751244814775418490171
486.29438489561886171941296197474
479.29912760077218081278260797262
472.42776297038022903507226146758
465.67756659117139861336909234524
459.04588529108463035299791954458
452.53013498765636768439435400069
446.12779860996869274458731524646
439.83736872379733995330752804875
433.65766985731670501991175115108
427.58630253733923609615885652602
421.62092263830231786414515227079
415.75924606193058252756600268185
409.9990469670898960430349688977
404.33815605863486553062102757394
398.77445893305139179574325680733
393.30589447880140596680575981736
387.93045332934758562259958125651
382.64617636693054691932047717273
377.45115327523899395600892603397
372.34352113919527482721605338156
367.32146309014467533415881916881
362.38320699481175779510522261262
357.52702418644258841595728881657
352.75122823662650262122042477131
348.05417376633869253055308945477
343.43425529481226021744078025222
338.88990612489430986897787079215
334.41959726360130389366531744599
330.02183637663273430007393471897
325.69516677565320605935994535685
321.43816643719839021287043578923
317.24944705210396023176144808531
313.1276531044009630022628698498
309.07146097865711453778203576803
305.07957809478637045685900375247
301.15074206938538736721966415644
297.28371990269016578167793340981
293.47730719027811119303805753589
289.73032735868167719672783277929
286.04163092409891078204964287579
282.41009477342765876528574153781
278.83462146687213589757448062301
275.31413856140159168717218562961
271.84759795436468721163691952825
268.43397524659138753122533671558
265.07226912433810639413422904909
261.76150075945338357996661216021
258.50071322716576105449348688126
255.28897094091780672897584736347
252.12535910368910663237329572439
249.00898317527159520068380516022
245.93896835498210862169798929244
242.91445907931128544987586792558
239.93488430882467810079106129706
237.0000996637858179383329115808
234.1093183881666845991276204586
231.26173648248064296240045223385
228.4565672466767409787280485034
225.69304085212959876116656232625
222.97040392559526367222133558244
220.28791914476107649534242227674
217.64486484502654661810083780438
215.04053463717062300020188558847
212.4742370355677394400117918849
209.9452950966276318922609789297
207.45304606714816486601193901151
204.99684104227407033249619416893
202.57604463277280615329800639302
200.19003464134357272996567189693
197.83820174768416677579807583243
195.51994920205461880868824664503
193.2346925270792894480109680444
190.98185922754265675393980927765
188.76088850793834694741235580295
186.57123099754196005051198881119
184.41234848278236313490197062492
182.28371364669789045365178026259
180.18480981526570872119918931276
178.11513071040488398466550279409
176.07418020945513603692234028131
174.0614721109437823542975820601
172.07652990645635782129829749465
170.11888655843435458336898591369
168.18808428372830121588776819408
166.28367434273914682307804469019
164.40521683398944219334225635976
162.55228049396512801649805624038
160.72444250207999516533163841814
158.92128829061547889978101011366
157.14241135949453109788009896874
155.38741309575181048785452730954
153.65590259756910995747603010386
151.94749650274576424635597504675
150.26181882147972146412939764559
148.59850077333956619440868962556
146.9571806283093167166953207925
145.33750355179248003878456074744
143.73912145346676538792962674052
142.16169283988122629125427920371
140.60488267069376888684928417206
139.06836221844770307143335230649
137.55180893179161216721695382148
136.05490630204693047744513023645
134.57734373303273400779289659113
133.11881641405867071625834796578
131.67902519600065147642453666776
130.25767647037503138562897220254
128.85448205133155852308846078813
127.46915906048522515447984915227
126.10142981451218702204641886055
124.75102171543467477476951899007
123.41766714352441169921803520992
122.10110335275334136895253323019
120.80107236872595422028098255396
119.51732088902578254874242702499
118.24960018591389143693959340453
116.99767160379224151256494224072
115.76151294431846849875000771135
114.54099402212573011183849303052
113.33587458298093508801684947684
112.14591870131337714155961293727
110.97089469083546475758339511231
109.81057501724426117561961291358
108.66473621294916540591657394543
107.53315879377350938739255070686
106.41562717757973643983859801665
105.3119296047685651274150586687
104.22185806060319634980260161683
103.14520819931352946241531753913
102.08177926993354844853456597775
101.0313740438287197775935055688
99.993798743870030421021510846913
98.968862975213696131504548247904
97.956379657644959024764830246568
96.956164959447832529804145451635
95.968038232761571748596907127649
94.991821950387247852631844580173
94.027341644007734089427685830742
93.074425843786855239159194752574
92.132906019311789691528247203678
91.202616521847460262506501749158
90.283394527868821910487895365804
89.375079983840862496435875073075
88.477515552214285321497300174087
87.590546558608451732652611099184
86.714020940151996796885214280337
85.847789194952071056832210160792
84.991704332666387244898942299187
84.145621826149891830937121994793
83.309399564150893979785905685276
82.482897805030589211128244642168
81.665979131482444586254132445902
80.858508406225936937516962643713
80.060352728652773635076300706714
79.271381392401778498424391727895
78.491465843840671823272714391351
77.720479641433428241725778207183
76.958298415971626127429772168398
76.204799831650106511915510054678
75.459863547966065766559040639549
74.723371182422837932790571358055
73.995206274019651004891784396023
73.275254247508115668097161687911
72.563402378398436098905222024769
71.859539758696996614162344485521
71.16355726335895326428726548329
70.475347517439288935747754294425
69.79480486392523630456707905978
69.121825332235658834179048426449
68.45630660737077732846955768764
67.798171608648473807079426478595
67.147416558738001413075835444033
66.503953598515138878610741812736
65.86768626193764930576435290277
65.238519566793371495805331505835
64.616359988582061646411602851003
64.001115434915774926594167482108
63.392695220426404034697043243796
62.791010042169425275915273232386
62.195971955512554529832414118573
61.607494350498718915787321748212
61.025491928673602615162963047624
60.449880680366099738876073388383
59.880577862413616685444139875472
59.317501976321103995815064990893
58.760572746845205927002098178491
58.209711100994006471864850027487
57.664839147433028188061143737286
57.125880156289959188598004402593
56.592758539347570945210463833064
56.065399830618574128493492025882
55.543730667292628311315638711676
55.027678771048336159310565562919
54.517172929722335084079531952739
54.012142979327563807601109147072
53.512519786413967892713117180392
53.018235230763281151666888035834
52.5292221884121346420215559192
52.045414514995606225511437514797
51.566747029404588431589218089357
51.093155497750998961237201001495
50.624576617633607611423940397799
50.160948002698702907764527481049
49.702208167488997503369319019839
49.248296512575656436183635378256
48.799153309966143865494814235717
48.354719688783667663756205001846
47.914937621211578289148746989667
47.479749908697606031182658625767
47.049100168412778089077619370073
46.622932819959324035608005942777
46.201193072322858768075093394145
45.78382691106367730071724508889
45.370781085742400762228498933837
44.96200309757481505812393152155
44.557441187311930264058901229873
44.157044323339910363301896722987
43.760762189996150084425607929006
43.368545176096503723783825989813
42.980344363669807705718994839117
42.596111516895561521778290625662
42.215799071240176942865218734369
41.839360122788562534879019949585
41.466748417766510215187736321241
41.097918342250451928521215450019
40.732824912060664246382657438517
40.37142376283442501971876481548
40.013671140275263837793318089098
39.659523890575407278902275720611
39.308939451007184118225268321112
38.961875840680924909520399523899
38.618291651465291636213805759326
38.278146039067500794317311374471
37.941398714269858771785948192701
37.608009934319888145637378329411
37.277940494470648502556286985055
36.951151719668828832254803273827
36.627605456387314575295022223145
36.307264064599678476952249184251
35.990090409893724654466495849192
35.676047855721513712978776311502
35.365100255783090688055381178856
35.057211946541471547789114993066
34.752347739866401354902336606756
34.450472915804112972182338126004
34.151553215471331270691734971479
33.855554834070225922459940193221
33.562444414022891692184202838689
33.27218903822267037639903719537
32.984756223399891439385100966319
32.700113913600453940944134956226
32.418230473774578115353506291285
32.139074683473886295814736513421
31.862615730654841428304280270822
31.588823205586294307067873887718
31.317667094859512388893563183956
31.049117775498494609109911834821
30.783146009168902423880354035646
30.51972293648358558471045398619
30.258820071403086160444217966869
30.000419468239755360627896152437
29.744519757717874597346963128075
29.491094178157094773951030219905
29.240114905286979762877308530733
28.991554475143079372401189175434
28.745385778761200157305211178027
28.501582056959612998525699367747
28.260116895207154641411761986092
28.020964218576249749048656667583
27.784098286778657893592026084661
27.549493689282989805633405921981
27.317125340512124154201956116594
27.086968475119210353341259178706
26.85899864334087538964013219811
26.633191706426089240267174318433
26.409523832139523591422403114848
26.187971490337819346905234851874
25.968511448617636716562628862448
25.751120768034081010000591049902
25.535776798888317529190317145549
25.322457176583053950480461935513
25.111139817544835040052930708043
24.901802915211614930512951104902
24.694424936084889310450307675637
24.488984615844866965517212520353
24.28546095552782091431254229974
24.083833217764237133451388217509
23.884080923077071645366231678054
23.686183846238552774821073398925
23.490122012685006325227732304484
23.295875694988328774570618406869
23.103425409383227417947637150064
22.912751912349332172880167490803
22.723836197246964019313963945024
22.536659491005956112985586514696
22.351203250866426230913930339739
22.167449161170363680639638914727
21.985379130203838826673745643348
21.804975287087987823042567470111
21.626219978718818737206674995832
21.449095766754492586869673687033
21.273585424649283481812744867057
21.099671934733738254408308421262
20.927338485339735285606366232969
20.756568467970247127141192322597
20.58734547451253149574768031016
20.419653294494185757912418921478
20.253475912381684764795863884501
20.088797504919856606875327997841
19.9256024385126302433945966186
19.763875266643402994759526336566
19.60360072733500658159755403176
19.444763740648244976227942970581
19.287349406218599057183382683434
19.131343000830231204645315301605
18.976729976026764035168525879271
18.823495955758229314369600615464
18.671626734063654140527432900853
18.521108272788353588111931458116
18.371926699335812571689530159347
18.224068304453314937063623801805
18.077519540050666080333030549809
17.932267017051714219633140601218
17.788297503277970434965027379803
17.64559792136376970006494957488
17.504155346702521711677036364563
17.363957005423653612297130166553
17.224990272399310242690262384713
17.087242669280897189310053363442
16.950701862564542921063548419625
16.815355661685178034758791909553
16.681192017138759098315858864225
16.548199018632086421121130115353
16.416364893259959956139937276021
16.285678003708945027483423473313
16.156126846487580905886716209352
16.027708778033236569626751588657
15.900422547541074536070482281502
15.77425668088991450588309817249
15.649199821024822654180752579123
15.525240742242422342656027467456
15.402368348474581694063090253621
15.280571671597293459399224957451
15.159839869764173414523611427285
15.040162225764284187334851594642
14.92152814540375516116910148412
14.803927155911042135016941756476
14.687348904365144619532657088712
14.571783156146732807201260584407
14.457219793411532293703203322366
14.343648813585808454718062421307
14.231060327883524152525751560461
14.11944455984477286847322829999
14.008791843895307849265918775927
13.899092623926550871260587882716
13.790337451896155229746909753885
13.682516986448373330631511635147
13.575621991554212897312936547678
13.469643335170960796176586882211
13.364571987920784934544826683123
13.260399021788044748859647370409
13.157115608835162845480226678774
13.054713019936606599458173150197
12.953182623530858919025376962963
12.852515884389891454020471428521
12.752704362406106497473956551403
12.653739711396216449657003977336
12.555613677922082160876016132534
12.458318100127947047894849674776
12.361844906594120274689885263797
12.266186115206510365283065766562
12.171333832042110500992748711724
12.077280250269929240403143921867
11.984017649067258304285132908262
11.891538392551028735510953993071
11.799834928723941018802179314662
11.708899788435269684327977302019
11.618725584355996005569977569394
11.529305009968144446474980213679
11.440630838568075944294832879677
11.352695922283395191243471344933
11.26549319110359625994988164166
11.17901565192379109703324502334
11.093256387601758916616745409556
11.008208556027739177807234227657
10.923865389207067622123759065289
10.840220192355277006868163880426
10.757266343005575492952630156651
10.674997290128425575517212564591
10.593406553263115199570165714249
10.512487721661178952103909978177
10.432234453441314059318756335415
10.352640474755814281593302439433
10.273699578968264134459786873776
10.195405625842305141759425168857
10.117752540741319577932699758094
10.040734313838983737809940066654
9.9643449993402519737628608709201
9.8885787147129704521830717567354
9.8134296399296783164345470140688
9.7388920167195802690685013658367
9.6649601478305342538988043088466
9.5916286735099767213341692695394
9.518900685782330839401765842922
9.446774610057389054418308660388
9.3752447515478962714041699655354
9.3043054763384240857249096734449
9.233951210655650498893010080792
9.1641764401483296609285389422439
9.0949757091768610450799315003678
9.0263436201123301572124546510167
8.9582748326448395914667344186455
8.8907640631010309562043403275311
8.8238060837706484562659170478582
8.757395722241998470281032496132
8.6915278607462091997604147763923
8.6261974355101393996392289409414
8.561399436117774541799008147791
8.4971289048800997534272028133273
8.4333809362131688658337225206196
8.3701506760244104299317768891342
8.3074333211069149029981417697854
8.2452241185416657032192233600654
8.1835183651076093269693956244737
8.1223114066993780113534739939496
8.0615986377526294148765373392962
8.0013755006768505495529097970575
7.9416374852955478047533688368276
7.8823801282936916123844639514573
7.8235990126723056192759031546302
7.7652897672101488524276646785438
7.7074480659323318931797075492796
7.6500696275857871242465080285911
7.5931502151215308771270429133438
7.5366856351835442850983781681862
7.4806717376042612954734067898244
7.4251044149065297261813611839898
7.3699796018119227980491814378183
7.3152932747553931491779621865135
7.2610414514060979129794759501237
7.2072201901943504509517879341729
7.1538255898446276859203862841241
7.1008537889144740518077014712617
7.0483009653393260407483467133716
6.9961633359830628364761651027948
6.9444371561943327719745866488665
6.8931187193683873815075457969215
6.8422043565145678201133705442771
6.7916904358292091714588423201349
6.7415733622739146824187628226355
6.691849577159175055385276209563
6.6425155577332164469339659262914
6.5935678167760229939631244633347
6.5450029021984157395763759268448
6.4968173966462217094886000268161
6.4490079171093448451301810564473
6.4015711145357494515906182641629
6.3545036734502593489537503046449
6.3078023115780865737178828567266
6.2614637794730940711929179087747
6.2154848601506449412568144907709
6.16986236872502225025982625084
6.1245931520513394730187428649515
6.079674088371918472262223076541
6.0351020869669849133742900448851
5.9908740878097450632822074112482
5.9469870612256734432321536587551
5.9034380075560077827390159654897
5.8602239568253997603619609435555
5.817341968413646924318527453579
5.7747891307314516140536397870164
5.7325625609001438220957425073721
5.6906594044353537853453417483252
5.6490768349345295007424283539876
5.6078120537682796253875494585373
5.5668622897754902467681858979631
5.526224798962148909708957944531
5.4858984705026001549299508042168
5.4458878396569243562908013700508
5.4061909546472923793203335662838
5.3668049894460008175656184903346
5.3277271463924762429087422788143
5.2889546558776627804832060064655
5.2504847760322954641765136329923
5.2123147924189989765864083892666
5.1744420177281433836924406932667
5.1368637914774364361392144928686
5.0995774797151831592145754257217
5.0625804747271496708549420873169
5.0258701947470525439598532102536
4.9894440836704907482612725289073
4.953299610772439187655891146278
4.917434270428118203710710076848
4.8818455818372781251923697709572
4.8465310887518073812429975077976
4.8114883592066668427378317574039
4.7767149852540242704890260938555
4.7422085827006572600339495693333
4.70796679084848168628241182887
4.6739872722382207470559478679206
4.6402677123961773020255350274965
4.6068058195840020374589585117064
4.5735993245515036420556498342194
4.5406459802924201696328054822516
4.5079435618031098442770598921925
4.4754898658440893655097170267254
4.4432827107045049785938317654654
4.4113199359693293644113509799354
4.3795994022893900421422586077824
4.3481189911540987225180288078263
4.3168766046669198033214343013242
4.2858701653234554385107912821695
4.2550976157922217879558957065456
4.2245569186979716747032398416195
4.1942460564076196050109501811676
4.1641630308186785569546373153571
4.1343058631501747868242091499269
4.1046725937360877267678915814031
4.0752612818211648715305273071863
4.0460700053591720504186923790257
4.0170968608134902666506604873575
3.9883399629600875258006453805137
3.959797444692761736462216504151
3.9314674568306990920518728671595
3.9033481679282684417842119728448
3.8754377640870409926776574138785
3.8477344487699802755287237232551
3.8202364426178574419168398890179
3.7929419832677382373731234110892
3.7658493251736460116774196649203
3.7389567394292315682946536981035
3.7122625135925737538400426274166
3.6857649515129802253454727178905
3.6594623731597906157730903942138
3.6333531144531576728695654310286
3.6074355270968130326991740730591
3.5817079784127110464453380700434
3.5561688511776488041959964903072
3.5308165434616864963857096881839
3.5056494684685057805495489446912
3.4806660543775365113106090575457
3.4558647441879464246028419438517
3.4312439955643805333806994894985
3.4068022806844897587552623008378
3.3825381216402208295335185539443
3.3584542684832960901530896080658
3.3345520825693220068330901995068
3.3108299828858882563054066849872
3.2872864035211764033306280907709
3.2639197935059400812463081820169
3.2407286166573139318813900899841
3.2177113514243895764366243383847
3.1948664907355821540591023222078
3.17219254184772303517547697993
3.1496880261968955849738449614961
3.127351479250930044173628630233
3.1051814503636334663383422594052
3.0831765026306388044474715570686
3.0613352127469020125261067732936
3.0396561708658262901394664368127
3.0181379804599695049205365648959
2.9967792581833463394502814480802
2.9755786337352700954284046019893
2.9545347497257559155059425393119
2.9336462615424125921492759516696
2.9129118372188762542407403088873
2.8923301573046904522357181122061
2.8718999147366761626187781075714
2.8516198147117308714371120004216
2.8314885745610713918551937240409
2.8115049236258760068096762552159
2.7916676031343237163184767268831
2.7719753660800257044627414870774
2.7524269771017881858199416456046
2.7330212123647443789309363637585
2.7137568594428000956497726292582
2.6946327172023987195359495672164
2.6756475956875696020631494320696
2.6568003160062749756775701825973
2.6380897102179923230380609311396
2.6195146212225841608756127243396
2.6010739026503526538647292909445
2.5827664187533603268320803181268
2.5645910442979285015496770938626
2.5465466644583156785586197656812
2.5286321747116033975544269196689
2.510846480733715413435902519268
2.4931884982965875074967243563151
2.4756571531664826046892358135665
2.4582513810034121171099741332
2.4409701272616719514019223424839
2.4238123470914576529366968316026
2.4067770052415893289321502379607
2.3898630759632548681281605240656
2.3730695429148589425949467113242
2.3563953990678712102635472547263
2.3398396466137336702217908168677
2.3234012968717627778403311822331
2.3070793701980689682784486649325
2.2908728958954642784817679057596
2.2747809121243527386013738578185
2.2588024658145826606414630077779
2.2429366125782670415844677336281
2.2271824166235467679086923453724
2.2115389506692770815732274058973
2.1960052958606626205551037855912
2.1805805484212834599588859418873
2.1652666356140990444600902264938
2.1500649400635865049480344168842
2.1349745093610694723906817671377
2.1199943998231529640463577379705
2.1051236764051393102192832884612
2.0903614126153771124450031493325
2.0757066904305392363028204272268
2.0611586002118085225731647369685
2.0467162406219552295283392595593
2.0323787185433364044229165301658
2.0181451489967470180886266462039
2.004014655061152172521587999654
1.9899863677942821738042766810395
1.9760594261540864735593459045049
1.9622329769210058447725941732642
1.9485061746210956545866110900533
1.9348781814499667053297571328585
1.921348167197530321104181894043
1.907915309173552342869584208529
1.894578792134002487301813744125
1.8813378082081799735902905013063
1.8681915568266211913339702732628
1.85513924464976676098615371302
1.842180085497394426141681833542
1.8293133002787869134664333614637
1.8165381169236636260677641985239
1.8038537703138088907905967062106
1.7912595022154544910364393217606
1.7787545612123580873742412222782
1.7663382026396012847158090153243
1.7540096885180687102945285005262
1.7417682874896363021122169811861
1.7296132747530261752899605198763
1.717543932000346273980539990589
1.7055595473542939366495829744963
1.6936594153060164913426888233516
1.6818428366536231077787988397176
1.6701091184413476842252066489891
1.658457573899335013578593134298
1.6468875223840795385399360384326
1.635398289319455633616939849162
1.6239892061383955912390320008853
1.6126596102251480324696331081213
1.6014088448581591528352419118164
1.5902362591535339486625844074297
1.5791412080091000724735295079881
1.5681230520490330171412551862886
1.5571811575690783779890580262872
1.5463148964823252295985867021955
1.5355236462655519336095721882884
1.5248067899061223950951671213261
1.5141637158494307691114499903051
1.5035938179468986142239828041056
1.4930964954044931847221278076177
1.4826711527317959493643684254494
1.4723171996915769277336494269548
1.4620340512499041540905864167144
1.4518212905559084724416152312187
1.441680934383684276056669659738
1.4316132813477269181134943210054
1.4216177282877704435293253482087
1.4116936773566075569164013359114
1.4018405359698971057724747879547
1.3920577167564727183446393610211
1.3823446375091734683593358568032
1.3727007211361663685522671585204
1.3631253956127684645593944878783
1.3536180939337596473848179812194
1.3441782540661828537764677093946
1.3348053189026174436548899393529
1.3254987362149404095390536895138
1.3162579586085352278956861482584
1.3070824434769958699575909122359
1.2979716529572580263618419849081
1.2889250538852061733763321171864
1.2799421177517222858455170353409
1.2710223206591813038812688319013
1.2621651432783773660872839172953
1.2533700708059019035545134101994
1.2446365929219298518404457354336
1.2359642037484526166934983848478
1.227352401807914938913768310158
1.2188006899822754203199792755186
1.2103085754724802747261946933577
1.2018755697583343167167413412244
1.1935011885587878399661576622748
1.1851849517926100752163165452657
1.1769263835394654371668821113417
1.1687250120013683574171636792016
1.1605803694645375756522298615891
1.1524919922616190248731982137542
1.1444594207342921876602304109838
1.13648219919624948737180147873
1.1285598758965411647636756242719
1.1206920029832856400275886699092
1.1128781364677462484280567878159
1.105117836188759916637991409516
1.097410665777517113639305534889
1.0897561926226975170806099413312
1.0821539878359480724157037911937
1.074603626217701668466020237247
1.0671046862233384278084713514545
1.0596567499296773995354215003317
1.052259403001799764609813792049
1.0449122346602039979046594453393
1.0376148376482807744736192034907
1.0303668082001071759634669433581
1.0231677460085684128188177055563
1.0160172541937757539898257164168
1.0089149392718117503875419060932
1.0018604111237747744667103688698
0.99485328710966791643244278020575
0.98789466956784466322716298236628
0.98098535662954411407099541975185
0.97412494048388398315552194617339
0.96731301682596149138504415532225
0.96054918482493356624019043010776
0.95383304709240934737835004852968
0.94716420965114578311982995728613
0.94054228190405564369314106443198
0.93396687660351562776384071185021
0.92743760982097289691239438980119
0.92095410091684715148119266814319
0.91451597251073013516986520698993
0.90812285045186902365799141989555
0.90177436378994191290559001572547
0.89547014474611519307956086777267
0.88920982868438069868233242232236
0.88299305408317296794962203421164
0.87681946250725995017916147844517
0.87068869857990893734722703811713
0.86460040995531473040358605430811
0.85855424729130569438950715266401
0.85254986422230183418236038050964
0.84658691733254176625678155687638
0.84066506612956570787531518362812
0.83478397301795426166393099265406
0.82894330327331566810045160309528
0.8231427250165322950792301526235
0.81738190918825026631822083800216
0.8116605295236096750954857270699
0.80597826252722404305472991836723
0.8003347874484009194517852847639
0.7947297862565915194110743868805
0.78916294361708394511367714585504
0.78363394686692722235221708615427
0.77814248599108060133744402264711
0.77268825359879778069682743080193
0.76727094490023450834570439837989
0.76189025768327522936118612051359
0.75654589229058855082143963954877
0.75123755159689231675201881444082
0.74596494098644450243540404699161
0.74072776833074249758226414996898
0.73552574396643166654286005723407
0.73035858067343562005646617762977
0.72522599365328099807470607629512
0.72012770050763208473654231056571
0.71506342121703614367334012058564
0.7100328781198600447410740343912
0.70503579589143106076676303928252
0.70007190152337450683717179344967
0.69514092430314844417438280288479
0.69024315181111117745160754566314
0.68537966381091852685614185247687
0.68055024420109322402794305162388
0.67575461817609094872238983953139
0.67099251320245822949317471284303
0.66626365899906081491366194313741
0.66156778751749356626277176474105
0.65690463292267442518834741349565
0.65227393157361868158972129094764
0.64767542200439320865257286641281
0.64310884490524644618858474132139
0.63857394310391291103456978817121
0.63407046154709512109093338949606
0.62959814728211216383613191283075
0.62515674943872168167757763512782
0.62074601921111083324689161599963
0.61636570984005045747977646897198
0.61201557659521799159563215653179
0.60769537675767981710350795765407
0.60340486960254158255168022151338
0.59914381638175084887620869267266
0.59491198030706637922548907226883
0.59070912653317686480392012526863
0.58653502214098052203183897290728
0.58238943612101534696989801886957
0.57827213935704468994458693487104
0.5741829046097911559698445671529
0.57012150650082038527699523910997
0.56608772149657449190840452502016
0.5620813278925480549474968938739
0.55810210579761598825854207461816
0.55414983711849430392248905263841
0.55022430554435575178473527557799
0.5463252965315750220298696149257
0.54245259728861960901724614814157
0.5386059967610791199277286978031
0.53478528561682536768273621419212
0.53099025623131190787518107754295
0.52722070267301435197992987014004
0.52347642068898248002284390167915
0.51975720769055211434306329465471
0.51606286273915935591816150918021
0.51239318653230925271202522708336
0.50874798138964494320646281266818
0.50512705123917012173251350759529
0.5015302016035770860113984781492
0.49795723958670795594727565003268
0.49440797386013163317031171573035
0.49088221464985321018659192304767
0.48738045275993008287329644190322
0.48390329989504560215252126909036
0.48045055493972993465590093364881
0.4770220169010772059969838210236
0.47361748643319434570742032519775
0.47023676582321105588135878861067
0.46687965897742383925006492972898
0.46354597140756093054392295016441
0.46023551021717312714542913454352
0.45694808408814113764861986055621
0.45368350326731649024836201533617
0.45044157955326957765151973944739
0.44722212628316448945753336374764
0.44402495831975058449003768146213
0.44084989203846847161116784263868
0.43769674531467600564482722802495
0.4345653375109813087995291880361
0.43145548946469991502539187422371
0.42836702347541411040054981640424
0.42529976329265067880314177273249
0.4222535341036637301925793508417
0.41922816252133077163932739495067
0.41622347657215469363123361290491
0.41323930568437217125676852447214
0.41027548067617175542309837510402
0.40733183374401193965752554504434
0.40440819845104708507577129239507
0.40150440971565498626816292926378
0.3986203038000669107709938998596
0.39575571829909733656549519764667
0.39291049212897716236270184708701
0.39008446551628039866699282356421
0.38727747998695649656042405695189
0.384489378355451605351333910221
0.3817200047139363561221614418173
0.37896920442161735609332140484184
0.37623682409415337701830139849335
0.37352271159315786341892362543149
0.37082671601580097231476429442409
0.36814868768449648950280561621184
0.3654884781366863899521035818907
0.36284594011470827634724400923005
0.36022092755576079481372175905562
0.35761329558194859812303434409841
0.35502290049042339870055684514227
0.35244959974360301480089674441842
0.34989331587635130738078714784933
0.34735475334151738602272985190211
0.34483403021009201294688750749629
0.34233100158047147232309725950472
0.33984552370382797858994194939442
0.33737745397466495367311267727928
0.33492665092145534888601332568214
0.33249297419735890368741593192681
0.33007628457102056174221615947317
0.32767644391744932264032286184374
0.32529331520897886154131128932931
0.32292676250629748224696413672063
0.32057665094956805384995845997764
0.31824284674961483831978625858028
0.31592521717919008761299437537673
0.31362363056431780128363584481122
0.31133795627570853836729725117038
0.3090680647202504460757666038262
0.30681382733257511752356094802963
0.30457511656669183919277088534727
0.30235180588769777765278945480532
0.30014376976355805481944116763771
0.29795088365695560073120873312291
0.29577302401721355940011903840059
0.29361006827228369742144309384457
0.2914618948208063664573330697749
0.28932838302423713461308807382011
0.28720941319904264021900530678977
0.28510486660895945076887869618076
0.2830146254573245867547370835382
0.28093857287946610856721463278518
0.278876592935164480113741092282
0.27682857060117244119012980263506
0.27479439176380443532465847056301
0.27277394321158376921943045090302
0.27076711262795871704156525083818
0.26877378858407358075410797937366
0.26679386053160913938597786909668
0.26482721879567533429522541155166
0.26287375456777412052744580250874
0.26093335989881327741102268191753
0.25900592769218594435542968312802
0.25709135169690505717809969610244
0.255189526500798458119589895432
0.25330034752376012763264157001686
0.25142387964871526495613807128393
0.2495606834965198306264255734277
0.24771071749429385278062909492292
0.24587387221635909062555924720073
0.24405003909780645376947916247445
0.24223911042760729039891032243759
0.24044097934179117781461343383853
0.23865553981667450567094590496708
0.2368826866621486226804904617893
0.23512231551502518756002757527312
0.23337432283243608743816821515793
0.2316386058852885621028860896331
0.22991506275177744922366684932058
0.22820359231094949903351221109915
0.22650409423632295036199479909556
0.22481646898956017532889006815822
0.22314061781419369800971708173165
0.22147644272940458787246598149068
0.21982384652385228429594121735136
0.21818273274955754525983309122239
0.21655300571583502300399004525389
0.21493457048327699321355055417371
0.21332733285778809895205654356687
0.21173119938466883338534785252705
0.21014607734274876049695990332111
0.20857187473856911297254157489078
0.20700850030061263007397087676509
0.20545586347358288370479328932561
0.20391387441273051139845051693555
0.20238244397822660602948019459291
0.20086148372958279040290108241607
0.19935090592011847632214482928248
0.19785062349147244931124589584215
0.19636055006816188761575858734432
0.19488059995218498521296623948729
0.19341068811766987112221727329597
0.19195073020556560616789454343234
0.19050064251837947604251155553357
0.18906034201495644508916882386984
0.18762974630530257491578538520116
0.18620877364545027066178306540678
0.18479734293236765862999959608715
0.18339537369890646090198060846888
0.18200291247138331018895485158282
0.18062043415965933768063678144244
0.17924791962190633753948532103095
0.17788528440075568326506072480697
0.1765324446976072603199270361074
0.17518931736747356264771724454476
0.17385581991386614419958789312659
0.17253187048372223277858950041264
0.17121738786237516993793406072655
0.16991229146856509646390520629211
0.16861650134948966139880610626278
0.16732993817589661422751134978171
0.16605252323721506058085140011826
0.16478417843672787945763502648333
0.1635248262867830260081092319524
0.1622743899040430815006175180315
0.16103279300477513213962765803444
0.15979995990017725748799648499698
0.15857581549174529222945295714453
0.15736028526667489302326430333778
0.15615329529330287949839828343102
0.1549547722165846019848345349601
0.15376464325360805762699101251201
0.15258283618914630919149999499496
0.1514092793712432660768740788626
0.15024390170683676881679957659799
0.14908663265741747827597407649591
0.14793740223472195971510245726677
0.14679614099646187685976883585681
0.14566278004208652041562288559362
0.14453725100858016983096376861795
0.14341948606629448259575099200447
0.14230941791481244163009023395716
0.14120697977884796858738525315857
0.14011210540417676218005738064676
0.13902472905360180321920893220522
0.13794478550294922425401011878421
0.13687221003709962308114711504459
0.1358069384460475481635199912489
0.13474890702099584505191387506784
0.13369805255048022862851553327346
0.13265431350103740193446810735622
0.13161796808985037898764858255163
0.13058921997338160392310157931206
0.12956800413303040664381171609421
0.1285542560492970998176076591335
0.12754791169796966809890648164583
0.12654890754634551264246056234697
0.12555718054947900830242701886164
0.1245726681464632001894443646961
0.12359530825673688270160965885225
0.12262503927642466605707483040533
0.12166180007470363266808277558084
0.12070552999020056628154407007969
0.11975616882741609015017303363493
0.11881365685317915592555948478548
0.11787793479312763667010699464299
0.1169489438282187293571823261118
0.11602662559126543373455575647313
0.1151109221635017304530279602659
0.11420177607117357188037942705705
0.11329913028215869708059670983857
0.1124029282026109133330038503118
0.11151311367363354876136583015978
0.11062963096797646944668969126724
0.10975242478676126844927551928777
0.10888144025623107402633849005724
0.10801662292452683666876822599079
0.10715791875848862391151783413079
0.10630527414048177026195673988695
0.10545863586524864552451674626354
0.10461795113678548641011900599551
0.10378316756524250119575469852862
0.10295423316384934298017839182648
0.1021310963458654103019895842408
0.10131370592155194976236032289307
0.10050201109517085951150505707119
0.099695961462003837572076747619576
0.098895507005398120004002748828498
0.098100598093832827584215294791647
0.097311185478009654126196892320877
0.096527220287966133960289027982071
0.09574885585098072415810577240336
0.094976329752891913704715420863067
0.094209593142614525551614690357383
0.093448595381713600582784806647396
0.092693286216278272804380833349569
0.091943615774047360300613718209206
0.091199534561559991718837636653916
0.090460993461325994724475663133489
0.089727943729020501195670078686817
0.089000336990698147854317312521744
0.088278125240030855258588360356953
0.087561260835565216109621644591243
0.086849696498002643130220690181886
0.086143385307499084624360818907007
0.085442280700986986130551770202146
0.084746336469517291600794806072372
0.084055506755621914316556342328113
0.083369746050696746930697145216982
0.082689009192404960835176552791381
0.0820132513620999148429291381035
0.081342428082268936062604325343273
0.080676495213995058630729317883379
0.080015408954440647715244949722546
0.079359125834348093198045148710662
0.078707602715561472694894007418043
0.078060796788566047532675895581633
0.077418665570047881518966903513501
0.076781166900471042868758786426042
0.07614825894167423503411384899664
0.075519900174485510291333412169479
0.074896049396355302008032595040277
0.074276665719008289068270300958829
0.073661708566111733231807079391729
0.073051137670963564585413507757039
0.072444913074196676250338100544468
0.071842995121501718180923035106389
0.071245344461366960642223489230673
0.070651922042835255122206206124247
0.070062689113278911468007947860315
0.069477815560845881948104363345919
0.06889748010863165628148152563881
0.068321640282143991651508940776694
0.067750253892174969183592736499122
0.067183279072715096358336950288503
0.066620674278562996839525567338569
0.066062398282955819839301625506778
0.065508410175215914250657078810036
0.064958669358416654127097444870742
0.064413135547065028529978292226588
0.063871768764802897000443238084699
0.06333452934212439877637024210344
0.062801377914112638256582954454643
0.062272275418190935203366365158217
0.061747183091893961814911051533272
0.061226062470653805358544730097492
0.060708875385603287833102825743481
0.060195583961396743888361271501708
0.059686150614046272477875021422733
0.059180538048774926351836001003903
0.058678709257886249583968663046107
0.058180627518649268015149544908127
0.057686256391200778359529266481331
0.057195559716461764898642883281354
0.056708501614071295249264181848048
0.056225046480334647802656888870843
0.055745158986188168837028200641726
0.055268804075178139256774301202313
0.054795946961456301615989161746256
0.054326553127789403707659232622973
0.053860588323584229764051656275115
0.053398018562927682117980054954387
0.052938810122641434541268523616964
0.052482929540350997665854038132238
0.052030343612569605882267609331393
0.051581019392796731426464873493387
0.051134924189630490132252305102156
0.050692032703039006935608057347054
0.050252558053024379280948608084145
0.049816587647395202398392655140924
0.049384087898298581476019819547219
0.048955025472197599700763248620206
0.048529367288029721938524829738526
0.048107080515378410068283443479231
0.047688132572658456509451241345232
0.047272491125315334314915816094071
0.046860124084036773595141056603097
0.046450999602979166358540652481679
0.046045086078005552365777219847587
0.045642352144938155844577920561278
0.045242766677822551790733029974945
0.044846298787205883529249916819026
0.044452917818426883334037569284192
0.044062593349919403074022028476975
0.04367529519152786587898873449376
0.043290993382835402103481214908243
0.042909658191504509994196325806115
0.042531260111629970444013792985061
0.042155769862103488476723356370712
0.041783158384991470057912010815926
0.041413396843923318269009570258277
0.041046456622492996646478502498212
0.040682309322671687812356111635381
0.040320926763232262102221170607663
0.039962280978185368840449598337727
0.039606344215227462512984857312404
0.039253088934199438508887425314242
0.038902487805557571520775894668986
0.038554513708854980247320298758495
0.038209139731234777193069618306254
0.037866339165933939059360824330724
0.037526085510798425082246154715904
0.037188352466809196372743429037655
0.036853113936618914214804476614518
0.036520373833549724107427891794941
0.036190335301093799758032076852032
0.035863019375738061644831589092064
0.035538399094111237930260216444367
0.035216447695355652947046820600008
0.0348971386196873512020033558656
0.034580445506966858704167577798216
0.034266342195279311799716026598617
0.033954802719526264165317286369827
0.033645801310026521302454227679846
0.033339312391128070323098597782518
0.033035310579829516020033963741298
0.032733770684411807316838149972682
0.032434667703079733680482377167209
0.032137976822613489868984970598831
0.031843673417029719208137805708247
0.031551733046252757042271497311958
0.03126213145479465188580903145521
0.030974844570445983493733876912302
0.030689848502974910460228130659743
0.030407119542836476971947590186574
0.030126634159890842978857250500369
0.02984836900213119412206275171684
0.029572300894420162215014968865034
0.029298406837236262018064891776703
0.029026664005428529785612923319604
0.02875704974698099769536696612704
0.028489541581785168822271714361705
0.028224117200422255136160742949869
0.027960754462953558291404831948057
0.027699431397719857100847562492163
0.027440126200149374952053094034454
0.027182817231574587374387519389529
0.026927483018056877495105538855569
0.026674102249220649207828159887868
0.026422653777094861488050625553115
0.026173171332573859360071111268553
0.025925827756547874941572828788594
0.02568061735529574701741850617509
0.025437517343438194317162270863264
0.025196505107577440996102779990906
0.024957558205088228864276800322841
0.02472065436291791609701995469095
0.02448577147639475690144017505645
0.024252887608045222561647946690755
0.02402198098641890322557657100333
0.023793030004922954140367252762189
0.023566013220663883237504521162009
0.023340909353297838862983937247009
0.023117697283889706433290811560255
0.022896356053779421541038985310479
0.022676864863457033005822438553878
0.022459203071445540955686226425314
0.022243350193191686881011293053234
0.0220292858999644979023369018023
0.021816990017762279141511072566573
0.021606442526226406208866848146499
0.02139762355756389886063395522342
0.021190513395476763547353726835354
0.020985092474099485693184163892511
0.020781341376943925775000465705489
0.020579240835851674712442260783973
0.020378771729953889385589249627628
0.020179915084638490319068893086296
0.019982652070524676429785770892522
0.01978696400244474642993175450556
0.019592832338433101985186723936749
0.019400238678722668550502561402027
0.019209164764747713866066547439004
0.01901959247815478842857928043486
0.018831503839819737494698514979063
0.018644940181374095033994819914369
0.018460040979981280628852147174257
0.018276796832971575063053748522179
0.018095189971727716760074855528728
0.017915202759447149127858267547708
0.017736817690235193861747475807533
0.017560017388204698235432132946698
0.017384784606581688004567354255414
0.017211102226817785731949328464907
0.017038953257708183697261006273038
0.016868320834516309369988107391691
0.016699188218104465269986391717794
0.016531538794070203823860509828592
0.016365356071889099881522255941491
0.016200623684063563539892172116197
0.016037325385277176326148662610649
0.015875445051555206465998537623818
0.015714966679430994456190262553719
0.015555874385117926181343328551065
0.015398152403687526135200869248365
0.015241785088252758281757159863901
0.015086756909157530287535209367888
0.014933052453171457435443514327744
0.014780656422690517659557229990241
0.014629553634942867382240372364777
0.014479729021200621330578428569424
0.014331167625996846931579753459118
0.014183854606348036964114101010637
0.01403777523098186444383550508519
0.013892914879570651687235027793577
0.013749259041969644559721963616994
0.013606793317461104986243469738838
0.01346550341400315486950489685114
0.013325375147484139898290678161175
0.013186433716865382168026421538798
0.01304880835130109266450926241987
0.012912496272811119918388911287366
0.012777481419396897674434221414685
0.012643747850178891148353876872079
0.012511279744568335955956506211351
0.012380061401444554178286061585368
0.012250077238337955115587973864422
0.012121311790618632259208808932271
0.011993749710690702198201407213674
0.011867375767192012495088171419866
0.011742174844199522107390798453253
0.011618131940439908530993129431863
0.011495232168506095554727508556425
0.011373460754078383236342908446659
0.011252803035151878394137803240938
0.011133244461268398950437585881446
0.011014770592754252048761642868158
0.010897367099962862457829260165454
0.010781019762522835864215764445362
0.010665714468591104904793276375585
0.010551437214111140591721316184248
0.010438174102076454644039138486278
0.010325911341798828940730103909118
0.010214635248181907004050295029174
0.010104332240999618422461203692819
0.0099949888441794119270378260466714
0.0098865916850906475354943125921636
0.0097791274938377071440642751554151
0.0096725831025580057132007283371422
0.009566945444724797228963630857379
0.009462201554454692173368179908266
0.0093583385658200617107649321724239
0.0092553518683949238810004800370734
0.0091533538824278837253700658038724
0.0090523743065426612308677078999608
0.0089524003938888842973886639242664
0.0088534194925493480549105740351479
0.0087554190449024415360268491781426
0.0086583865869887567667806393956198
0.0085623097478820710953817396671184
0.0084671762490643887738572814782856
0.0083729739038056038430424266039154
0.0082796906165468146104879920699204
0.0081873143822882698400489331902463
0.0080958332859811903137181587908344
0.0080052355019237901589956862835606
0.0079155092931613036527638271877549
0.0078266430108901250545239136613418
0.0077386250938659539161390554795616
0.0076514440678159189798690498207634
0.007565088544854609541034928810177
0.007479547222904181676128576583551
0.0073948088851181490235853210890582
0.007310862399309316951578896492947
0.0072276967173813457673281490656336
0.0071453008747642812389933020256194
0.0070636639898537193632543917942712
0.0069827752634540069670565642923066
0.0069026239782248701229439014070977
0.0068231994981320159485149723366249
0.0067444912679013035994302072140272
0.0066664888124765417018458002473835
0.0065891817364810622778548143685384
0.0065125597236828491193305623596643
0.0064366125364630974448054701042565
0.0063613650177393827808702830850507
0.0062869101487877257841696554407918
0.0062132440432412922026728097080195
0.0061403561069330462110493762395436
0.0060682358244150197065791552120118
0.0059968727584366341223920393588287
0.0059262565494266174551118986357778
0.0058563769149781608885918515738922
0.0057872236493376506827335248317468
0.0057187866228967593543175418346891
0.0056510557816878128831183936142679
0.0055840211468827314483798218702759
0.00551767281429501373762880334084
0.0054520009538852731018065966850372
0.0053869958092698389667818403836463
0.0053226476972328858050520494771263
0.0052589470072414348095213298961426
0.0051958842009639273629151290379014
0.0051334498117917241183372212276481
0.0050716344443639859232431099655969
0.0050104287740954760177469751170065
0.0049498235467076556054477620705256
0.0048898095777628568237016537523232
0.0048303777522014871431688121106163
0.0047715190238822712681665549894205
0.0047132244151256892650270202693719
0.0046554850162601772375903230738459
0.0045982919851716491307924705722598
0.0045416365468556475076811196345261
0.0044855099929727139732027474394727
0.0044299036814065906667026162324419
0.0043748090358253378245878550956149
0.0043202530819045729948424394706308
0.004266312002786674072163375370792
0.0042129806441454807283686356811359
0.0041602502466471383626989144488562
0.004108112115789144466737603522688
0.0040565576214765938431461300694991
0.0040055781976012115250251888198818
0.003955165341623088394451546179198
0.003905310614155089576210455604155
0.0038560056385502183666502684644684
0.003807242100491315100335709686874
0.003759011747583780507081518962309
0.0037113063889507116356603066975595
0.0036641178948308358864771605567512
0.0036174381961789517196670384890922
0.0035712592842690525467286288829882
0.0035255732102999963288592066845695
0.003480372085003826700122520065861
0.0034356480782564424725222806955571
0.0033913934186911034139588760893957
0.0033476003933141629774483671866392
0.0033042613471235145715387826470533
0.0032613686827293823095041958026741
0.0032189148599776639704528324870125
0.0031768923955756735166833237826722
0.0031352938627203633982498676147088
0.0030941118907289260307746925349193
0.0030533391646717974315938803897552
0.0030129684250080799277904386457294
0.0029729924672232733474930288508631
0.0029334041414694460997436564753116
0.0028942069862060563513461719509223
0.0028554717300784534725344165906336
0.0028172068164619939838189122127687
0.0027794050962298383171400484314972
0.0027420594728271969163502230770746
0.0027051629019325521864625105905588
0.002668708391121044944116480479579
0.0026326889995301073349454057392904
0.00259709783752708591245128566527
0.0025619280663791662612516208952229
0.0025271728979252786745357539643919
0.0024928255942502489973799928435483
0.0024588794673608871561854005705072
0.0024253278788643104456335120033827
0.0023921642396481884555725638819013
0.002359382009563137753971329146907
0.0023269746971071284154242153618952
0.002294935859111885047972867468502
0.0022632591004313161453520564236896
0.0022319380736319682952129017650122
0.0022009664786853985578296555303268
0.0021703380626625990226785667402964
0.0021400466194302835906682069833096
0.0021100859893492291026462215342008
0.002080450058974420146640227358148
0.0020511327607572430072047087179499
0.0020221280727494598747351339795841
0.0019934300183091866603968256299595
0.0019650326658086671172132042784142
0.0019369301283439668663610699894662
0.0019091165634464988577756461296531
0.0018816112452011875266766338654634
0.0018544707577741311940733304197693
0.0018276917539394011390230243563337
0.001801267941929986324961499022379
0.0017751930764805909541970141418687
0.0017494609585308247990537156013602
0.0017240654349302572765495478179787
0.0016990003981453383023747516489266
0.0016742597859681820210431268947104
0.0016498375812271852229595747729718
0.0016257278114994954103939006628821
0.0016019245488252953357743990636664
0.0015784219094238788588108191035531
0.0015552140534115608400123065280241
0.00153229518452131460194698409083
0.0015096595498242638098973511517897
0.001487301439452845324903917934023
0.0014652151863257939501394844228344
0.0014433951658748274231303110326508
0.0014218357957730841292093293404264
0.0014005315356652454483049607958378
0.0013794768868993958609719951979855
0.0013586663922605440521507169648885
0.0013380946357058668121781108695245
0.0013177562421015814094621410035302
0.0012976458769615106195877141104233
0.0012777582461872729734791986899722
0.001258088095810146146355523733007
0.001238630211734513065016671795604
0.0012193794194829644592092954269447
0.0012003445543180390597121087736809
0.0011815782702384387999050563422543
0.0011630818542814863169460037894964
0.0011448503505713588258158042165746
0.0011268788395514368286948192476871
0.0011091624377557915935577081967267
0.0010916962975820716872515925288667
0.001074475607065862071964890134268
0.0010574955896563709156765753505169
0.0010407515039935883154748053058825
0.0010242386436867942020589872242908
0.0010079523370944603113952275919019
0.00099188794710551022801303666653894
0.00097604087092196471341781771613455
0.00096040653984291258007943703489673
0.00094498041904985492431268134794209
0.00092975800739335658171708098862496
0.00091473483718106671312014777086574
0.00089990647396699424611504758431124
0.00088526851634216383122449878229077
0.00087081659572652838838258126941128
0.00085654637616218432232678692272998
0.00084245355410788973216096309215573
0.00082853385823483303128378363311413
0.00081478304922369133422160869528739
0.00080119691956293296545427162769215
0.00078777129334839509841592608552219
0.00077450202608407906195581160702091
0.0007613850044842012613349746530389
0.00074841614627645883933704240575935
0.00073562185751261126211847374278818
0.00072303013903432468336557326082925
0.00071063701133032791765892222102252
0.00069843851894003841206809424235757
0.00068643073523317265586390911735748
0.00067460976223068065075333388236345
0.00066297173042681554078897621096189
0.00065151279861226576040761360175679
0.00064022915369839426130704751471967
0.00062911701054254145007438303593972
0.00061817261177442577209373286706295
0.00060739222762356604758127165410997
0.00059677215574781934323556065180583
0.00058630872106291522568438656648482
0.00057599827557307822865212409979563
0.00056583719820266166391359297094255
0.0005558218946288364693819605832914
0.00054594879711527535479098638404594
0.00053621436434689382765500509364642
0.00052661508126556819380653662321379
0.00051714745890688626050318843496711
0.00050780803423787935092087453270437
0.00049859336999576045826310100039791
0.00048950005452764447019808891070625
0.00048052470163124742785765164398981
0.00047166395039656308467435064102347
0.00046291446504851015142367742782881
0.0004542729347905356449520419825916
0.00044573607364917959897110399936082
0.00043732039706345133970102900811128
0.00042905333735622155780578546035997
0.00042093204290780372170063805548068
0.00041295333456344338442581265447018
0.00040511405622851450435140119310518
0.0003974110747270648887757849010427
0.00038984127966120357472110113938868
0.00038240158327136072142701794795983
0.0003750889202973829348285172979871
0.00036790024784046109667182133939889
0.0003608325452259135749343010868273
0.00035388281386677575540006257526215
0.0003470480771282445750687550845015
0.00034032538019290568690258802497794
0.00033371178992681400010331116412488
0.00032720439474634693127752527175289
0.00032080030448589986384957950527053
0.0003144966502663466205273745668336
0.00030829058436431341265818173447144
0.00030217928008224507032200567557823
0.00029615993161924230279991032688258
0.00029022975394268451772641914665485
0.00028438598266063743998446899929888
0.00027862587389501061903296363908566
0.00027294670415550331384405002843607
0.00026734577021428758110757617494357
0.00026182038898146792324159171094777
0.00025636789738127320655014518280268
0.00025098707814022913793750024780138
0.00024570475089369511398351697550879
0.0002405299141586550112654335764617
0.00023545987035540925447554827520946
0.00023049194145907249777795178236062
0.00022562346888083735941404883718064
0.00022085181334996589991130633290339
0.00021617435479646211478159389951514
0.00021158849223446943321226554335368
0.00020709164364634286155907039184143
0.00020268124586743068295084657659544
0.00019835475447153749664445931966128
0.00019410964365707063000905663319173
0.00018994340613386564054106131482769
0.00018585355301069237158283209421228
0.00018183761368342603054887307578724
0.00017789313572388803304409610195336
0.00017401768476935298079685821015516
0.00017020884441270879008575866997433
0.00016646421609327612350752445546931
0.00016278141898827666253501966764361
0.00015915808990495016665527028276728
0.00015559188317330860970404138310386
0.00015208047053954159644542643015086
0.00014862154106003961175942740258193
0.00014521280099606437589618290751048
0.00014185197370903480972373356117089
0.00013853679955644593009903009495076
0.00013526518102122955453103791967351
0.00013205456025162169947199941599791
0.00012891678425403730527502854652511
0.00012584995400191507073685281969944
0.00012285218408174830725075599158203
0.00011992160261159402669800533303146
0.00011705635116004868350684381406168
0.00011425458466571375925301123910316
0.00011151447135712144200468676213944
0.00010883419267314976873819998282045
0.00010621194318388379497497542303108
0.00010364593051196529236487181568904
0.00010113437525438717244814779139261
9.8675510904759606125094539841314e-05
9.6267583776024677564425724440866e-05
9.3908852923634846248529539636252e-05
9.1597590069171866151293004421063e-05
8.9332079524425989395727820685522e-05
8.7110618115910029850453011324163e-05
8.4931515109828791638621470205806e-05
8.2793092137478044995058112931474e-05
8.0693683121089231189033974533942e-05
7.8631634200105422413673572634707e-05
7.6605303657892724372886761319279e-05
7.461306184887974899105217430062e-05
7.2653291126126485393113552113675e-05
7.0724385769315874206673855351113e-05
6.882475191316977925198167254095e-05
6.6954492839144477429186297356978e-05
6.5130636605399710612959718325499e-05
6.3356763622992659924608449539818e-05
6.1631325276091089484381546625968e-05
5.9952784041620457255832021825626e-05
5.8319613423523072371669473401568e-05
5.673029788739692650788998262712e-05
5.5183332795517465465227890941691e-05
5.3677224342234467597233249502864e-05
5.2210489489746678604033952586505e-05
5.0781655904248083725771589769238e-05
4.9389261892445586942749363723593e-05
4.8031856338447887118121154559347e-05
4.6707998641015772934778627067942e-05
4.5416258651181778407349837189955e-05
4.4155216610229935816998164677116e-05
4.292346308803512462551679740308e-05
4.1719598921761196440825825160204e-05
4.0542235154914704742517422841885e-05
3.9389992976750817354342215637075e-05
3.8261503662034278023130334789315e-05
3.7155408511144290479352031431048e-05
3.6070358790532262870977275870388e-05
3.5005015673520872593760949742503e-05
3.3958050181447372087555763853217e-05
3.2928143125149150153424537634805e-05
3.1913985046786561461558406893602e-05
3.0914301774362107084592049544014e-05
2.9938172393284062715269541743446e-05
2.8992993819129360340584519728502e-05
2.8077782474998859874471685005304e-05
2.7191561744635187438182133412568e-05
2.6333361931736029511218546983464e-05
2.5502220219498324875560119062712e-05
2.4697180630396972877927883049942e-05
2.3917293986192538743406135748337e-05
2.3161617868168430278870417726722e-05
2.2429216577595811242746073888021e-05
2.1719161096425445005731608150157e-05
2.1030529048204096810234520198435e-05
2.0362404659215321833798384432157e-05
1.9713878719842155555919821496857e-05
1.9084048546151743697705041591384e-05
1.8472017941698598141476300726893e-05
1.7876897159547735827221995319469e-05
1.7297802864514193909488762312954e-05
1.6733858095619304033607743775747e-05
1.6184192228760151252217602824146e-05
1.5647940939594941640042660702115e-05
1.5124246166637824215868077248892e-05
1.4612256074566877176021048589938e-05
1.4111125017740022081678095966506e-05
1.3620013503921053039068256307331e-05
1.3138088158211203506525212303391e-05
1.2664633222474222688856519691836e-05
1.2206017669452750269514472447607e-05
1.1765892732517608043683703111792e-05
1.1343672108548205184610710438697e-05
1.0938773586081282013292119426051e-05
1.0550619021734518711633232790348e-05
1.0178634316762975742395001821361e-05
9.8222493937487149535036853875702e-06
9.4808981734212940489748763783773e-06
9.1540185516101119024730270457013e-06
8.8410523763258637148891583290578e-06
8.5414454249723172730513268136043e-06
8.2546473816862656221454014326966e-06
7.9801118148055714485514244849185e-06
7.7172961544641410438919240655231e-06
7.4656616703136779254605139011236e-06
7.2246734493708286730631780436784e-06
6.9938003739892042921744153005648e-06
6.7725150999559323609987109005015e-06
6.5602940347115431038828650689432e-06
6.3566173156925710570276828736969e-06
6.1609687887962497572827934300133e-06
5.9728359869665303481084915604438e-06
5.7917101089010522552407572716149e-06
5.6170859978773718661649444472417e-06
5.4484621206992801527193952260131e-06
5.2853405467609722228152814571533e-06
5.1294638893059944177027498213306e-06
4.9890605899581021414473935848832e-06
4.8640753333525443583506241151948e-06
4.7535155881809631903340065961494e-06
4.6563958935692597519337941613937e-06
4.5717378184115863983352258392845e-06
4.4985699209327388665351048213648e-06
4.4359277084770950015440646452269e-06
4.3828535975230243357855103303322e-06
4.3383968739214539265570957926599e-06
4.3016136533571936942247151969276e-06
4.2715668420318667552419006350206e-06
4.247326097567040369368078500667e-06
4.2279677901263462439711109108753e-06
4.2125749637553704679700759816452e-06
4.2002372979379290235824734311976e-06
4.1900510693676226508467413944814e-06
4.1811191139333259765998446200186e-06
4.1725507889174225206849362657113e-06
4.1634619354055650049120998468233e-06
4.152974840906698038647815174329e-06
4.1402182021821971454555132152731e-06
4.124327088282851887300443916029e-06
4.1044429037925495918400636830015e-06
4.0797133522774365672241073110804e-06
4.0492923999393997573983949855858e-06
4.0131746378317890755526090029726e-06
3.9771420481355528674214001860765e-06
3.9423805083737191535327333558048e-06
3.9087906372517072534512189152522e-06
3.8762737564262470302592876458814e-06
3.844731886507599372918442953706e-06
3.8140677430837656539412347522777e-06
3.7841847327668534513810377067911e-06
3.7549869492612376991041035073637e-06
3.7263791694535350530357795117986e-06
3.6982668495242165610772857448074e-06
3.6705561210807451342781181774511e-06
3.6431537873120718008064164439297e-06
3.6159673191644793077725080626683e-06
3.5889048515384943970659824968861e-06
3.5618751795069128009195522782671e-06
3.5347877545536714123707369705762e-06
3.5075526808335756774343688890738e-06
3.4800807114526348753653223200288e-06
3.4522832447690302744834102421922e-06
3.4240723207144523127973788356737e-06
3.3953606171358428023282580859865e-06
3.3660614461572444250511085966915e-06
3.3360887505618494235299417022267e-06
3.3053571001939522952636947572547e-06
3.2737816883808200432704176713328e-06
3.241891009216270945172055570338e-06
3.2117848836590613105458538040216e-06
3.183392290379702498353143430565e-06
3.1564254325438865272294812480691e-06
3.1305985502934670276049215070779e-06
3.1056279092605417050710920473522e-06
3.0812317891444570697515297624802e-06
3.057130472351415676737686893949e-06
3.0330462326962767606770843276109e-06
3.0087033241662355917737069199713e-06
2.9838279697460397754064237441085e-06
2.9581483503043702243851149902287e-06
2.9313945935410585785774444794738e-06
2.9032987629947806593872210861873e-06
2.8735948471109278034869155549202e-06
2.8420187483692486529567033937127e-06
2.8083082724709950099681223661952e-06
2.7722031175851774621753977057015e-06
2.7334448636536669280513653368381e-06
2.6917769617547105588813670384862e-06
2.6469447235246692974196171949108e-06
2.5986953106374684499232149276216e-06
2.5467777243416841915656014666558e-06
2.490942795054637930299073697582e-06
2.4309431720134942940016176127216e-06
2.3665595657572238377395687503046e-06
2.2990340930330535928257252448192e-06
2.2291648044472342367588579142845e-06
2.1569626878623393808807016946982e-06
2.0824386869075260311648736810675e-06
2.0056037011620455467889381773183e-06
1.9264685863376877607094049549286e-06
1.8450441544606916812381941159216e-06
1.7613411740525389571616725337133e-06
1.6753703703102291704542074757267e-06
1.5871424252855710884652475425871e-06
1.4966679780637342445852137895468e-06
1.4039576249410547064013334364607e-06
1.3090219196019088958532570338145e-06
1.2118713732949671695130486673286e-06
1.1125164550085702962482943345623e-06
1.0109675916453605458916265372182e-06
9.0723516819609348529201715144454e-07
8.0132952791273350213004838041297e-07
6.932609724808088101790466348251e-07
5.8303976219082444804975122465418e-07
4.7067611610922301528070845789975e-07
3.5618021224824728315210974234628e-07
2.3956218773530676182989388768585e-07
1.2083213898148079682946245353575e-07
1.2184930090935102068398588926322e-13

