1224057599.5317938327789306640625
727087205.5143439769744873046875
368473576.17053335905075073242188
193830331.64938700199127197265625
111305398.42331334948539733886719
68680231.695336326956748962402344
44941215.636676609516143798828125
30883282.963251851499080657958984
22066848.708979338407516479492188
16263936.864768497645854949951172
12310446.956389993429183959960938
9528398.6119183674454689025878906
7513566.5193695016205310821533203
6021287.6556943356990814208984375
4895325.3122392715886235237121582
4028875.5093364967033267021179199
3351236.58799959486350417137146
2814448.0203526443801820278167725
2384426.5096051106229424476623535
2036285.3464867188595235347747803
1751107.3608048763126134872436523
1515510.0756549262441694736480713
1319301.9058623360469937324523926
1154667.9502339069731533527374268
1015571.6219857740215957164764404
897301.12546846806071698665618896
796143.04033923684619367122650146
709144.21174913225695490837097168
633928.8150536023313179612159729
568613.18208752735517919063568115
511652.74653944827150553464889526
461773.84199216216802597045898438
417926.92216190352337434887886047
379242.07238086435245350003242493
344994.30431664380012080073356628
314576.28158856590744107961654663
287476.73448214505333453416824341
263263.26142657303716987371444702
241568.54006898531224578619003296
222079.14435563163715414702892303
204526.36304188804933801293373108
188680.90682245875359512865543365
174345.00392558326711878180503845
161347.37369185028364881873130798
149539.27688564494019374251365662
138791.15924427617574110627174377
128989.85776775806152727454900742
120036.25791886675870046019554138
111843.48474757368967402726411819
104335.01571565348422154784202576
97440.53686430462403222918510437
91100.231741180788958445191383362
85261.361493008065735921263694763
79877.046783284691628068685531616
74905.545792785982484929263591766
70309.608612495168927125632762909
66056.4488684941752580925822258
62114.936616058257641270756721497
58456.634420122070878278464078903
55057.731191827711882069706916809
51896.796826891782984603196382523
48954.535487822584400419145822525
46213.586104861737112514674663544
43658.887345166760496795177459717
41273.644767453872191254049539566
39043.812789808056550100445747375
36957.437035236711381003260612488
35003.630322649623849429190158844
33172.464347695771721191704273224
31454.873688098927232204005122185
29842.570586433390417369082570076
28327.969161705012083984911441803
26904.117920142962248064577579498
25564.639548869781719986349344254
24303.677140912543109152466058731
23115.846084470736968796700239182
21996.190986959751171525567770004
20940.147037856979295611381530762
19943.505345503781427396461367607
19002.381801069150242256000638008
18113.189115671182662481442093849
17272.611725029477383941411972046
16477.583306902157346485182642937
15725.266752582741901278495788574
15013.036520572313747834414243698
14338.463496225936978589743375778
13699.302873773920509847812354565
13093.486189883929910138249397278
12519.10378129732271190732717514
11974.637810968766643782146275043
11457.694873220996669260784983635
10966.121586196559292147867381573
10498.469249220359415630809962749
10053.384891327033983543515205383
9629.6040849725304724415764212608
9225.9443572687305277213454246521
8841.2991580608468211721628904343
8474.6323245326966571155935525894
8124.9729972960249142488464713097
7791.4109522383587318472564220428
7473.0923039851768407970666885376
7169.2155556515626813052222132683
6879.0279582860957816592417657375
6601.8221535710817988729104399681
6336.9330840885941142914816737175
6083.7351336632418679073452949524
5841.6394910010221792617812752724
5610.0917154376602411502972245216
5388.5694820306744077242910861969
5176.5804994045383864431641995907
4973.6605844166006136219948530197
4779.3718807603845561970956623554
4593.3012090901802366715855896473
4415.0585487598173131118528544903
4244.2756295063400102662853896618
4080.6046397577993047889322042465
3923.7170420580082463857252150774
3773.3024919561044043803121894598
3629.0678675116691920266021043062
3490.736415769161339994752779603
3358.0470355598176865896675735712
3230.7537374562775767117273062468
3108.6253656117223727051168680191
2991.4457622995259953313507139683
2879.0147467596270871581509709358
2771.1460349897242849692702293396
2667.7307914487037123763002455235
2568.4083151140725931327324360609
2472.8226345449033942713867872953
2380.8170951592983328737318515778
2292.2426688407554138393606990576
2206.9575379907296337478328496218
2124.8267065642294255667366087437
2045.7216319884064432699233293533
1969.5198839066547407128382474184
1896.1048224410797047312371432781
1825.3652966707013547420501708984
1757.1953624098318869073409587145
1691.4940187456818421196658164263
1628.1649605960342341859359294176
1567.1163486950044898549094796181
1508.2605940869052574271336197853
1451.5141609586553386179730296135
1396.7973819037979410495609045029
1344.034292276109681552043184638
1293.1524794859919893497135490179
1244.0829543000195371860172599554
1196.7600424447136902017518877983
1151.1213097709164685511495918036
1107.1075266318066496751271188259
1064.6627034086077401298098266125
1023.7342358265027542074676603079
984.27327488883884143433533608913
946.23490819165590437478385865688
909.5855076098041536170057952404
874.28396413900782135897316038609
840.17754633101139916107058525085
807.21375402887179006938822567463
775.35204315801183838630095124245
744.55354555849498865427449345589
714.78099443427481674007140100002
685.99865356491250167891848832369
658.17225171777977266174275428057
631.26892029386431204329710453749
605.25713591957946846378035843372
580.10666524308248881425242871046
555.78851551950242537714075297117
532.27488916289757980848662555218
509.53914127378766352194361388683
487.55574489737728072213940322399
466.30026126861275770352222025394
445.74931743583670140651520341635
425.88059710445713790250010788441
406.67284559535960397624876350164
388.10590503952880681026726961136
370.1607945201965321757597848773
352.81988650250218597648199647665
336.06696893970729433931410312653
319.89087014092569916101638227701
304.27404663161132702953182160854
289.15269449110837740590795874596
274.50796920003040213487111032009
260.32523225332806759979575872421
246.59039479550142459629569202662
233.28989846479180414462462067604
220.41069794912436918821185827255
207.94024500778687070123851299286
195.86647464699422016565222293139
184.17779158137068407086189836264
172.86306107433711076737381517887
161.91160159484843461541458964348
151.31317962703906232491135597229
141.05801256096310680732131004333
131.13677480523392659961245954037
121.54061752174197863496374338865
112.26120322074166324455291032791
103.29077456346863073122221976519
94.622280410045959797571413218975
86.249485376678876491496339440346
78.168573217804123487439937889576
70.375782996139832903281785547733
62.831288155230595293687656521797
55.523462854839635838288813829422
48.445278104754834203049540519714
41.589942240917025628732517361641
34.950892600110137209412641823292
28.521787711268416387611068785191
22.296498399339270690688863396645
16.269101687339343698113225400448
10.433872645641713461373001337051
4.785277248413422057637944817543
-0.68203255930734485446009784936905
-5.9732267675938146567204967141151
-11.093302296464344181003980338573
-16.047088569536981594865210354328
-20.839253285527775005903095006943
-25.474307033758350371499545872211
-29.956607508570414211135357618332
-34.290365248241641893400810658932
-38.479645722651866890373639762402
-42.528374570338883131626062095165
-46.440340160438381644780747592449
-50.219196034864580724388360977173
-53.868463850409170845523476600647
-57.391534714734575572947505861521
-60.791669933278740245441440492868
-64.072000695984684170980472117662
-67.235527438542135314492043107748
-70.285115761551878676982596516609
-73.22349074871567609079647809267
-76.053227255575052367930766195059
-78.776733517256502636882942169905
-81.396223857025347570015583187342
-83.913670589943762934126425534487
-86.330715185791405019699595868587
-88.648701559285882467520423233509
-90.866022624011407060606870800257
-92.991345174943376150622498244047
-95.041051132393931766273453831673
-97.017278951206435522180981934071
-98.922032711935344195808283984661
-100.75725607457286514545558020473
-102.5248338191512402772787027061
-104.22659468565279894392006099224
-105.86431129039192455820739269257
-107.43970396620477458782261237502
-108.95444078638479368237312883139
-110.41014013742096722126007080078
-111.80837149405476793617708608508
-113.15065756120725382061209529638
-114.43847478071188561443705111742
-115.67325584965544749138643965125
-116.85639000695937284035608172417
-117.98922433728023406729334965348
-119.07306583033732749754562973976
-120.10918096883142425213009119034
-121.09879869173494171263882890344
-122.04310927109384010691428557038
-122.94326718308070667262654751539
-123.8003906031658516440074890852
-124.61556299596759345149621367455
-125.38983360659540267079137265682
-126.12421773507207944930996745825
-126.81969854144529108452843502164
-127.47722607220828194840578362346
-128.09771868269319838873343542218
-128.68206311726328294753329828382
-129.23111465778072215471183881164
-129.74569712797028842032887041569
-130.22660258446853731584269553423
-130.67459192203841666923835873604
-131.09039256253396388274268247187
-131.47469890433274031238397583365
-131.82816996984882962351548485458
-132.151427204908486601198092103
-132.44505155293677489680703729391
-132.70957750866887181473430246115
-132.94548627957840380986453965306
-133.15319347943943739664973691106
-133.33302881355172075927839614451
-133.48519963274134170205798000097
-133.60977983430473159387474879622
-133.70600397175871876243036240339
-133.7750644726427253772271797061
-133.82519220708957163878949359059
-133.85731924420991845181561075151
-133.87196918719655513996258378029
-133.86965131135502815595827996731
-133.85086020090471947696642018855
-133.81607697948930990605731494725
-133.76576898050518593663582578301
-133.70039074981912108341930434108
-133.62038392243402995518408715725
-133.52617780877596942445961758494
-133.41818981312104597236611880362
-133.29682547610741494281683117151
-133.16247926426831327262334525585
-133.01553442087976009133853949606
-132.85636327964948577573522925377
-132.6853281613047670361993368715
-132.50278097025631041105953045189
-132.30906375274656738838530145586
-132.10450896006341281463392078876
-131.88943965329247021145420148969
-131.66416988231958384858444333076
-131.42900468080540576920611783862
-131.18424059543553994444664567709
-130.93016557916098463465459644794
-130.66705946632407631113892421126
-130.39519423448820134581183083355
-130.11483368371750657388474792242
-129.82623444113880850636633113027
-129.5296454158771553011320065707
-129.22530833203785505247651599348
-128.91345792592994712322251871228
-128.59432171156635149600333534181
-128.26812094277886444615432992578
-127.93506967453055267469608224928
-127.59537593927251464265282265842
-127.24924088728693050143192522228
-126.89686008853317389366566203535
-126.53842217583854790063924156129
-126.17411039546891515783499926329
-125.80410177171393115713726729155
-125.42856715969713832237175665796
-125.04767207534439421579008921981
-124.66157592816637134092161431909
-124.27043231585315652409917674959
-123.87438935467815781521494500339
-123.47358893915804856078466400504
-123.06816747802977829451265279204
-122.65825536864375067125365603715
-122.24397679563020346904522739351
-121.82544984585172187507851049304
-121.40278596812166256313503254205
-120.97608979094309233914827927947
-120.54545848023735743481665849686
-120.11098126525422458144021220505
-119.67273826315459928082418628037
-119.2307993701198824965103995055
-118.78522197635749080291134305298
-118.33604862227383591744001023471
-117.88330141325818090081156697124
-117.42697485287675362997106276453
-116.96702185977900967372988816351
-116.50335327860739198513329029083
-116.0353703729307426328887231648
-115.56513895295069005442201159894
-115.09393700118837955415074247867
-114.62184450276541269886365626007
-114.14893798967264615384920034558
-113.67529209867771555764193180948
-113.20097900566037196767865680158
-112.7260688061505220503022428602
-112.25062902400404141189937945455
-111.77472543158893358850036747754
-111.29842152719359660295594949275
-110.82177852707837928392109461129
-110.34485613208940435470140073448
-109.86771170876028236307320185006
-109.39040071137887366603536065668
-108.91297711586489072033145930618
-108.43549259703397069642960559577
-107.95799725640651445246476214379
-107.48053956606378278593183495104
-107.0031660566445737003959948197
-106.5259217230225488037831382826
-106.04884995029192396032158285379
-105.57199233412663375020201783627
-105.09538921377418319025309756398
-104.61907888258491539090755395591
-104.14309868480964382797537837178
-103.66748397979739593210979364812
-103.19226890188298284556367434561
-102.71748607485065463151840958744
-102.24316663230192148148489650339
-101.76934032853662870365951675922
-101.29603536468067659370717592537
-100.82327874831571534741669893265
-100.35109581518125310140021611005
-99.879510545389564413198968395591
-99.408545738286306914233136922121
-98.938222308051933850947534665465
-98.468560103796420435173786245286
-97.999577249347908036725129932165
-97.53129022508710477268323302269
-97.063714260026586089225020259619
-96.596862543163638292753603309393
-96.130746623601538658476783894002
-95.665376099767996720402152277529
-95.200758503280525246736942790449
-94.736898925203774979308946058154
-94.27379996724013722086965572089
-93.811460763457489520078524947166
-93.349877062962320906081004068255
-92.889039317331935308175161480904
-92.428931794507661834359169006348
-91.969529383250659293480566702783
-91.510794928435856832038552965969
-91.052643277709023550414713099599
-90.595038834587910514528630301356
-90.138671713580407640620251186192
-89.683637165765190957245067693293
-89.229955919659062146820360794663
-88.777648136424801350585767067969
-88.326732738259963184646039735526
-87.877228483313828633072262164205
-87.429152980713155329794972203672
-86.982523392879897983220871537924
-86.537355932967642502262606285512
-86.093666386074758634094905573875
-85.651469824967051636122050695121
-85.210780517552265678205003496259
-84.771612422831040589699114207178
-84.333978538782744749369157943875
-83.897891580940253675180429127067
-83.463363578881200055548106320202
-83.030405843160252743473392911255
-82.59902949186216858379339100793
-82.16924468090380173634912353009
-81.741061568010010773832618724555
-81.314489302479188381767016835511
-80.889536816222943116372334770858
-80.466212555720076693432929459959
-80.044524406620752188246115110815
-79.624479983471260879923647735268
-79.206086158612862391237285919487
-78.789349763799108927742054220289
-78.374276767314484004600672051311
-77.960873238674395224734325893223
-77.549144336642939379089511930943
-77.139095380197176154979388229549
-76.730730674001051738741807639599
-76.324054754234580855154490564018
-75.919071499776705991280323360115
-75.515784433094481187254132237285
-75.114196884048325841831683646888
-74.71431169699302188291767379269
-74.316131677444502656726399436593
-73.919658774403160350630059838295
-73.524895321042976092940079979599
-73.131842836526899986893113236874
-72.740502769653446080155845265836
-72.350876288201774855224357452244
-71.962964208976259783412388060242
-71.576767245501343950309092178941
-71.192285591244825582180055789649
-70.80951948005268548058666056022
-70.428468676444381912915559951216
-70.049132771706695166358258575201
-69.671511312434944329652353189886
-69.295603280508572652252041734755
-68.921407737706275042910419870168
-68.54892334558222444229613756761
-68.178148602063231464853743091226
-67.809081984463460912593291141093
-67.441721383931152900004235561937
-67.076064885771131685032742097974
-66.712110241628508333633362781256
-66.349854905655817560727882664651
-65.98929625661530451452563283965
-65.630431681706255631070234812796
-65.273257979052516475348966196179
-64.917772078326649420887406449765
-64.563970812534790866266121156514
-64.211850484569012564861623104662
-63.861407714988260408972564619035
-63.512638532173156136195757426322
-63.165539125491363847686443477869
-62.820105307215484913285763468593
-62.476332932468523040370200760663
-62.134217570554639564761600922793
-61.793754638170348414405452786013
-61.454939541802417579674511216581
-61.117767376438486337519861990586
-60.782233074299355735092831309885
-60.448331632182082273629930568859
-60.116057595188216566839400911704
-59.785405519503854065987979993224
-59.456369726620330595778796123341
-59.128944296441417804999218787998
-58.803123159117795637484960025176
-58.478899975079905004804459167644
-58.156268094409810487377399113029
-57.835220502735310788011702243239
-57.515749820148421633803081931546
-57.197848045474934508547448785976
-56.881506219251875222653325181454
-56.566714516288442382574430666864
-56.25345721538733556599254370667
-55.941733578363624701523804105818
-55.631597378810084819633630104363
-55.323046800948155521382432198152
-55.016076775640392781951959477738
-54.710682096034332744238781742752
-54.406857673516846318761963630095
-54.104598204249391812936664791778
-53.803898387160629113168397452682
-53.504752883040097799494105856866
-53.207156295741697249468415975571
-52.911103152182654696389363380149
-52.616588017401497268110688310117
-52.323605278271330121242499444634
-52.032149426698005356684006983414
-51.742214786881319810163404326886
-51.45379573313206833518052008003
-51.166886571696018393140548141673
-50.881481609057274795304692815989
-50.597574994535037262721743900329
-50.315161075862853579110378632322
-50.034233930593075001524994149804
-49.754787765603609273057372774929
-49.476816635606965633087384048849
-49.200314810687110878006933489814
-48.925276151615420872076356317848
-48.651694951665838573262590216473
-48.379565010660876112069672672078
-48.108880542431933236002805642784
-47.839635433863882951754931127653
-47.571823766719965931315527996048
-47.305439397184116501193784642965
-47.040476381295690089245908893645
-46.776928612924493222635646816343
-46.51479003701433612150140106678
-46.254054547086788318210892612115
-45.994716134863857348591409390792
-45.73676852999527397969359299168
-45.480205847097906257658905815333
-45.225021814903499262072728015482
-44.971210386509099521390453446656
-44.718765391722271829166857060045
-44.467680737646510635840968461707
-44.217950274562646484355354914442
-43.969567888425928003925946541131
-43.722527426324923283118550898507
-43.476822730756829571419075364247
-43.232447700396313905457645887509
-42.989396192917503469743678579107
-42.747662027836049958295916439965
-42.507239122125589858569583157077
-42.268121340393612683783430838957
-42.030302526337173674164660042152
-41.793776541497862808682839386165
-41.558537328011674105709971627221
-41.324578643638382402514253044501
-41.091894540271418634347355691716
-40.860478730937053626348642865196
-40.630325252346480624510149937123
-40.401427892400526786786940647289
-40.173780649957556931894941953942
-39.947377322776979724494594847783
-39.722211919496601240098243579268
-39.498278284358825374056323198602
-39.27557037610031187568893074058
-39.054082095695768828136351658031
-38.833807349053770963109855074435
-38.614740033225785964532406069338
-38.396874111529825768229784443974
-38.180203398009780357824638485909
-37.964721812660442878950561862439
-37.750423188403871677110146265477
-37.53730133027201532058825250715
-37.325349879052950541336031164974
-37.114562482645467866859689820558
-36.904932595733932032544544199482
-36.696451633654135093820514157414
-36.489119870369606246640614699572
-36.282941187114090553222922608256
-36.077909566672758501226780936122
-35.874018961491920265416410984471
-35.671263404809536723405472002923
-35.469636846199833257742284331471
-35.269133397849763866815919755027
-35.069746988448159186191332992166
-34.871471819107711098695290274918
-34.674301926635685333621950121596
-34.478231420078643054694111924618
-34.283254475046462061982310842723
-34.089365218522246436805289704353
-33.896557849972566600627033039927
-33.704826574434015640235884347931
-33.514165642404556422206951538101
-33.324569262535419511550571769476
-33.136031733561196688242489472032
-32.948547353280304150757729075849
-32.76211042261505212991323787719
-32.576715295593203336466103792191
-32.392356361589506263953808229417
-32.209027957392535768121888395399
-32.026724491446742604239261709154
-31.845440461486262506696220953017
-31.665170245727345843533839797601
-31.485908378951137365220347419381
-31.307649295098837427531179855578
-31.130387578764565859046342666261
-30.954117743578112964542015106417
-30.778834359258677721982166985981
-30.604531996935065762954764068127
-30.431205277367809003408183343709
-30.258848834242748182532523060217
-30.087457309127206173116064746864
-29.917025324238199601722953957506
-29.747547735512771538424203754403
-29.579019043204453964790445752442
-29.411434094861789390051853843033
-29.244787644938675441608211258426
-29.079074419430870790392873459496
-28.914289217345064741948590381071
-28.750426853424610129650318413042
-28.587482130904671606685951701365
-28.425449903705604981496435357258
-28.264324980221001482050269260071
-28.104102295334044470109802205116
-27.944776623349333988244325155392
-27.786342962319739768872750573792
-27.628796064247328700957950786687
-27.47213092349699081751168705523
-27.316342427575314388832339318469
-27.161425388370762590284357429482
-27.007374778743741927655719337054
-26.854185415978765405498052132316
-26.701852148534715780670012463816
-26.550369829506273333663557423279
-26.39973318379160005520134291146
-26.249936943790189047831518109888
-26.100975700702186088619782822207
-25.95284400987133466287559713237
-25.805536110249686743145502987318
-25.659046142036064708236153819598
-25.513367672365404814627254381776
-25.36849371287029342170171730686
-25.224416507032724865666750702076
-25.081119112476283561363743501715
-24.938641707393468749387466232292
-24.797002841890936508661980042234
-24.65619703420687613970585516654
-24.516218839483890690189582528546
-24.377062686444297412435844307765
-24.23872324480853279737857519649
-24.101195084131109780400947784074
-23.964472886419073915931221563369
-23.828551276038105299903691047803
-23.693425052560247223709666286595
-23.559088882216180138584604719654
-23.425537619165453406822052784264
-23.292766048454549121515810838901
-23.160769025096932693941198522225
-23.02954141623105854819186788518
-22.899078200334656685299705713987
-22.769374252540288239288202021271
-22.640424621565777840714872581884
-22.512224249483658411463693482801
-22.384768223929143005079822614789
-22.258051642482541865319944918156
-22.132069553035613296287920093164
-22.006817121613000409752203267999
-21.882289520815440653223049594089
-21.758481923326066009849455440417
-21.635389575010997020854119909927
-21.513007692543759219461207976565
-21.39133160877214123729572747834
-21.270356592311266297201655106619
-21.150077947436553671423098421656
-21.030491147722361944261137978174
-20.911591446908989411213042330928
-20.793374356959802184974250849336
-20.675835260080077659949893131852
-20.558969643060841292481200071052
-20.442773013495845191300759324804
-20.327240833497093319692794466391
-20.212368686654677674141566967592
-20.098152093215933433612008229829
-19.984586673027799008650617906824
-19.871667973387037164911816944368
-19.759391688446029888837074395269
-19.647753382471076832871403894387
-19.536748767117241953883421956562
-19.426373483489328464202117174864
-19.316623257884522502081381389871
-19.207493775167222338495776057243
-19.098980788813999964759204885922
-18.991080001481400074681005207822
-18.883787163345729709362785797566
-18.777098064086828799190698191524
-18.671008435185928675537070375867
-18.56551407157942890080448705703
-18.460610734565705115528544411063
-18.356294228636883758554176893085
-18.252560280993705532637250144035
-18.149404704959135159469951759093
-18.046823205092486830380948958918
-17.944811597271069558701128698885
-17.843365525511114100254417280667
-17.742480748520698341508250450715
-17.642152896186331645367317833006
-17.54237757205271108773558808025
-17.443150324134322204372438136488
-17.344466646474572257830004673451
-17.246321866669688915862934663892
-17.148711243892130084987002192065
-17.051629831763335687355720438063
-16.955072460455347993502073222771
-16.85903355096684208547230809927
-16.763507166680888360588141949847
-16.668486464384145051553787197918
-16.573963689956734413044614484534
-16.479926725499367989868915174156
-16.386368249972104393918925779872
-16.293363178242941557982703670859
-16.200917376008618475680123083293
-16.109026779008281948790681781247
-16.017687295568368455178642761894
-15.926895021271379349059316155035
-15.836645884026225417073874268681
-15.746935986945812757653584412765
-15.657761359767023989775225345511
-15.569118163178153224635025253519
-15.481002482160167943447959260084
-15.393410476804977093934212462045
-15.306338374277340008688952366356
-15.219782268771806954532621602993
-15.133738513241000944731240451802
-15.048203305635642124116202467121
-14.963172878021312683927135367412
-14.878643653808648394942792947404
-14.794611831136428747868194477633
-14.711073839027307030846714042127
-14.628026002044425268877603230067
-14.545464741927339957783260615543
-14.463386453085233185333891015034
-14.38178761474669542508308950346
-14.300664615438197557750754640438
-14.220013981782699374889489263296
-14.139832193454424213996389880776
-14.060115748892291875904447806533
-13.980861233382967157012899406254
-13.902065143153247817053852486424
-13.823724078554342042934877099469
-13.745834606726795357189985224977
-13.668393362149890535306440142449
-13.591396939157032619505116599612
-13.51484198043106665920731757069
-13.438725123192002186556237575132
-13.363043042591431941445989650674
-13.287792409657329883998500008602
-13.212969892822034267965136677958
-13.13857223400160911808143282542
-13.064596059024012220106669701636
-12.991038161696803143740908126347
-12.917895215016205412439376232214
-12.845163940689463544231330160983
-12.772841111298284033637173706666
-12.700923377905901645590347470716
-12.629407553128050523127967608161
-12.558290300846746134766362956725
-12.487568358620720232465828303248
-12.417238458378388799019376165234
-12.347297253423066720756651193369
-12.277741448899755383195042668376
-12.208567699254896155025562620722
-12.139772635204522543972416315228
-12.071352819112455279082496417686
-12.003304831840093669370617135428
-11.935625142257988429150827869307
-11.868310157627089296283884323202
-11.801356210012801994935216498561
-11.734759515859241929547351901419
-11.668516106126400444509272347204
-11.602621865327702010972643620335
-11.537072331087127707860418013297
-11.471862722773323639557929709554
-11.406987640839187037045121542178
-11.342440753155756283376831561327
-11.278215010511605242982113850303
-11.214290730063828149809523893055
-11.150714280349607321340954513289
-11.087523616629963996160768147092
-11.024715811588633229689548898023
-10.962287917628650291135272709653
-10.900236999643194479858721024357
-10.838560143224929888106089492794
-10.777254459700039035396912368014
-10.716317110522542321859873482026
-10.655745183461668545987777179107
-10.595535903234885921619934379123
-10.535686412047397197966347448528
-10.476193932757887239404226420447
-10.417055675128548131169736734591
-10.358268873729073789036192465574
-10.299830794817896872928031370975
-10.241738682394494475147439516149
-10.183989840520693448411293502431
-10.12658153549150163996728224447
-10.069511134001466245990741299465
-10.012775927101618123060688958503
-9.9563732407611098551569739356637
-9.9003004784629986545496649341658
-9.8445549699099732521290206932463
-9.7891341341995392610897397389635
-9.7340353345645240779049345292151
-9.6792559844117338485602886066772
-9.624793505001310478519371827133
-9.570645335390620900284375238698
-9.5168088954221907727060170145705
-9.4632816479379648910708056064323
-9.4100610441050918097971589304507
-9.3571445532502899311566579854116
-9.3045296332734146460552437929437
-9.2522137839216860299984546145424
-9.2001944663877921470884757582098
-9.1484691892254801359740667976439
-9.0970354349940514282479853136465
-9.0458906897239064193172453087755
-8.995032451556340902243391610682
-8.9444582286456189024193008663133
-8.894165475320971125938740442507
-8.8441517146520354231142846401781
-8.7944143838597081952457301667891
-8.7449509774470630674159110640176
-8.6957589331187996606331580551341
-8.6468356964268267006445967126638
-8.5981786715115120500740886200219
-8.5497852371300311347113165538758
-8.5016527784615885110497401910834
-8.4537785870953570110941655002534
-8.4061599261286215067912053200416
-8.3587940010864816287039502640255
-8.3116779340112945106966435560025
-8.2648087518971404819012605003081
-8.2181833526188530214540151064284
-8.1717984530696217149170479387976
-8.1256505567923973387678415747359
-8.079735869403895875962007266935
-8.0340500702155797085879385122098
-7.988588132445359590860789467115
-7.9433444140436817448858164425474
-7.8983033415798349352598961559124
-7.8534988699075718443509686039761
-7.8089662441103246948159721796401
-7.7647033247464198879583818779793
-7.7207079422801605517179268645123
-7.6769779831010023229964644997381
-7.6335113229681574864571302896366
-7.590305848905360974754330527503
-7.5473594608604095412829337874427
-7.504670108216975776826984656509
-7.4622356720135396557225249125622
-7.4200541241694626393154976540245
-7.3781234139034843622084736125544
-7.3364414999983846854547664406709
-7.29500634707411066415261302609
-7.2538159576930860694687908107881
-7.2128683153270056749306604615413
-7.1721614206253789802758547011763
-7.1316932981182841189138343906961
-7.0914619620307757230648348922841
-7.0514654483548682151194952894002
-7.0117017995809796104822453344241
-6.9721690494803274518176294805016
-6.9328652749752661677007381513249
-6.893788513855262145568758569425
-6.8549368786157458544039400294423
-6.8163083828653920903661855845712
-6.7779011599897263096181632135995
-6.7397132749091817061071196803823
-6.7017428166022448010608059121296
-6.6639878733722959225360682466999
-6.6264465610967588915514170366805
-6.5891169622432244068477302789688
-6.5519971751950283334053892758675
-6.5150853135124577875103568658233
-6.4783794643351217956706022960134
-6.4418777159595137504766171332449
-6.4055781700862848282440609182231
-6.3694789124393764723208732903004
-6.3335780207658283202931670530234
-6.2978735515418868828874110477045
-6.2623635774151189536951278569177
-6.2270461255131337452439765911549
-6.1919192186222273832640894397628
-6.1569808548309499229844732326455
-6.1222290094328082332708618196193
-6.0876616119198576626558860880323
-6.053276548784415567183714301791
-6.0190716612580654754083298030309
-5.9850447210706692047210708551574
-5.9511934220189326438799071183894
-5.9175153474780977091995737282559
-5.8840079182903792798242648132145
-5.8506683878296517065109583199956
-5.8174937486065374514510040171444
-5.7844805177749165636669204104692
-5.7516246700705178085399893461727
-5.7189211446498493529588813544251
-5.6863586215835688619790744269267
-5.6539774222246421686577377840877
-5.6217919083233081067874081782065
-5.5898004749303993321518646553159
-5.558001539143420544064611021895
-5.5263935625595319578451380948536
-5.4949749468733548596333093883004
-5.4637441699701820851942102308385
-5.4326996649320093979440571274608
-5.4018398961194060703405739332084
-5.3711633635222275628962051996496
-5.3406685062670709029930549149867
-5.3103538301229509244194559869356
-5.2802178257841578812303851009347
-5.2502589936683117244342611229513
-5.2204758342533423842724005226046
-5.1908668556334367494287107547279
-5.1614305818277603776778050814755
-5.132165545023660513379581971094
-5.1030702523109283674784819595516
-5.0741432489807483108279484440573
-5.0453830664604124578431765257847
-5.0167882566974046909535900340416
-4.9883573539380785533126072550658
-4.9600889121983327001430552627426
-4.9319814825579841865987873461563
-4.9040336203291365890777342428919
-4.8762438604604945169285201700404
-4.8486108008546802139449027890805
-4.8211329473937869494193364516832
-4.7938088927481876666547577769961
-4.7666371778665155289900212665088
-4.73961634687742972005253250245
-4.7127449607741151993423045496456
-4.6860215557896376381563641189132
-4.6594446623732190815303511044476
-4.6330128211522048076176361064427
-4.606724551715465132417648419505
-4.5805783466109328827542412909679
-4.5545727162209423966032773023471
-4.5287061134465940170912290341221
-4.5029770170284617591960341087542
-4.4773838213389307583156551118009
-4.4519249632320985199385177111253
-4.4265987502861108282559143844992
-4.4014035190019491494695103028789
-4.3763375080884072687581465288531
-4.3513988733769028982578674913384
-4.3265856822915473856028256705031
-4.301895865386001105434843339026
-4.2773271459662414173408251372166
-4.2528769692714831762714311480522
-4.2285423224029523581180001201574
-4.2043198419696778955767513252795
-4.1802002636581852001995684986468
-4.1562043208895813606318370148074
-4.1323530856906085517721294309013
-4.1086453777168170375944100669585
-4.0850799886986983722181321354583
-4.0616557606642746947045452543534
-4.038371487534324622004078264581
-4.0152260053218178370570967672393
-3.9922181505327092310153602738865
-3.9693467612951742751192796276882
-3.9466106631775588198252080474049
-3.9240087194278210347420099424198
-3.9015397741963555588995404832531
-3.879202689026957973084108743933
-3.8569963130306099685640219831839
-3.8349195215504492395552915695589
-3.8129711759450799490878125652671
-3.7911501422917037729121148004197
-3.7694553026106554227681044721976
-3.7478855339672794144689760287292
-3.7264397043304726686585581774125
-3.7051167106928666328258259454742
-3.6839154198515329241558902140241
-3.6628347318816194544410791422706
-3.6418735208544066317415399680613
-3.621030676239985979236735147424
-3.6003050862655965325132001453312
-3.5796956331109748283836324844742
-3.5592012020277095096787434158614
-3.5388206735927241197714465670288
-3.5185529288143779780284603475593
-3.4983968355505825620355153660057
-3.4783512762269470641740554128774
-3.4584151044140956088313032523729
-3.4385871818182862647006459155818
-3.4188663552223466091106729436433
-3.399251457615087179675583684002
-3.3797413203070481024781201995211
-3.3603347427059588881093077361584
-3.3410305164189484372627703123726
-3.3218274023566793928807783231605
-3.3027241446980353245521655480843
-3.2837194328116670050121683743782
-3.2648119355269709096489805233432
-3.2460002433411592193124306504615
-3.2272828866351077614638143131742
-3.2086583143465396972260350594297
-3.1901248028769884079736129933735
-3.1716804911501226271752784668934
-3.1533231747670713573938883200753
-3.1350503608378770259434986655833
-3.1168571769959108053171803476289
-3.0987465809582928066845397552243
-3.0807429316163030819097912171856
-3.0628464957470540319661722605815
-3.0450564142225560182453136803815
-3.0273718042802348904274367669132
-3.009791825065613934953034913633
-2.9923156009227818152851341437781
-2.9749422912304490651536070799921
-2.9576710345805738988644861819921
-2.9405009846386365168768861622084
-2.9234313014591259971552972274367
-2.9064611374298370272128977376269
-2.8895896501194213712437885988038
-2.8728160113156340216278294974472
-2.8561393818220177642785984062357
-2.8395589246643897496369390864857
-2.8230738161208450698325123084942
-2.806683218527688428167721212958
-2.7903863163280728798554264358245
-2.7741822700425338155127974459901
-2.7580702594106814018459772341885
-2.7420494556472507774458335916279
-2.7261190443014631235030265088426
-2.7102781802015813994444215495605
-2.6945260468868861281066529045347
-2.6788618310788123721977171953768
-2.6632846693350420430590475007193
-2.6477937631838894816382889985107
-2.6323882606471444844942197960336
-2.6170673146299465727793176483829
-2.6018301087056547871156908513512
-2.5866757591952733719153911806643
-2.5716034366039615122190298279747
-2.5566122516369356176824112480972
-2.5417013465745919020832843671087
-2.5268698183730120554457698744955
-2.512116770836993584481433572364
-2.4974412766589537682193622458726
-2.4828423844051412672229162126314
-2.4683191327227431699498083617073
-2.4538705017366870819728319474962
-2.4394954314125989469630439998582
-2.4251928281597310288475455308799
-2.4109614789505022791615829191869
-2.3968000957337651790624022396514
-2.3827072185892039790644503227668
-2.3686811286139799470618072518846
-2.3547198922282781552439701044932
-2.3408186732440166011315341165755
-2.3269862582199229983359600737458
-2.3132380519509183613990899175406
-2.2995733683944150627098679251503
-2.2859914481053813517519301967695
-2.272491584976979339671743218787
-2.2590730433638048779698692669626
-2.2457351013156507946177953272127
-2.2324770347759348432248316385085
-2.2192981274148797510292752122041
-2.2061976625292842868475418072194
-2.1931749227488674947039726248477
-2.1802291952324677204444469680311
-2.1673597708116409954470782395219
-2.1545659292049408328750814689556
-2.141846973000768095118928613374
-2.1292021852723626018644154100912
-2.1166308639596307372698902327102
-2.1041322961660764434554948820733
-2.0917057797770812754833968938328
-2.0793506001979231712084583705291
-2.067066060738419253084430238232
-2.0548514456102804359716174076311
-2.0427060422130307593135967181297
-2.0306291461095242745216182811419
-2.0186200393479230008608737989562
-2.0066780092812872560159576096339
-1.9948023329220621047142003590125
-1.9829922854206230020679413428297
-1.9712471456932283420115936678485
-1.9595661698126938254915785364574
-1.9479486222592155009181169589283
-1.9363937479672244101891465106746
-1.9249007934233413052993455494288
-1.9134689792738828195695077738492
-1.9020975266350041987806207544054
-1.8907856285361095416419630055316
-1.8795324592729847346106453187531
-1.8683371678308524632683429445024
-1.8571988754001145238703429640736
-1.8461166525545600336499774130061
-1.8350895262747259906177532684524
-1.8241164409569012860856673796661
-1.8131962438621958000339873251505
-1.8023276332412807576588420488406
-1.791509077753068890359600118245
-1.7807386423141089437649497995153
-1.7700124472193816682619171842816
-1.7593454013346812025986309890868
-1.7487421940786662677425056244829
-1.7382023088868259197425913953339
-1.7277252082637797325759265731904
-1.7173103846203843225737273314735
-1.7069573002727003174783249050961
-1.6966654441137882791679203364765
-1.6864342999528720845603402267443
-1.6762633470432355409229785436764
-1.6661520671007257199391915492015
-1.6560999507462788038480994146084
-1.6461064748508364985468688246328
-1.6361711390546200828310929864529
-1.6262934215420459249656914835214
-1.6164728075537475593392855444108
-1.606708798758528899952580104582
-1.5970008681966376684613351244479
-1.5873485150788073649863463288057
-1.5777512203156001113768525101477
-1.568208473144147685474081299617
-1.5587197636529892541545905260136
-1.5492845692061496531977127233404
-1.5399023813319192566240189989912
-1.5305726751714869848797206941526
-1.5212949327794254017476305307355
-1.5120686287325426633287861477584
-1.5028932386794027209475643758196
-1.4937682224548129994445844204165
-1.4846930493452679122867721162038
-1.4756671756245416382569146662718
-1.4666900445464561286712523724418
-1.4577610988872768960078474265174
-1.4488797677643694417071174029843
-1.4400454688009975967588616185822
-1.431257594542135525017556574312
-1.4225155332309595834772153466474
-1.4138186292718688541469873598544
-1.4051662139977159071690948621836
-1.3965575569902966002189259597799
-1.387991885052866969374463224085
-1.3794683335513548971817954225116
-1.3709859032366691344861919787945
-1.3625434447242787960874466079986
-1.3541390379282232103719252336305
-1.3457722126425921693737564055482
-1.3374554206956652535609464393929
-1.3291895791531020964981735232868
-1.3209742325066375912001603865065
-1.3128089462793184338806895539165
-1.3046932694375539263376140297623
-1.2966267610683754885059215666843
-1.2886089838290804010512147215195
-1.2806394902932993762334490384092
-1.2727178507929013395738593317219
-1.2648436148940289669440062425565
-1.2570163518629384746816413098713
-1.2492356221234857116542116273195
-1.2415009876277887101991836971138
-1.2338120068839657506032381206751
-1.2261682439047587589442400712869
-1.2185692672727952423628039468895
-1.211014626832809693013359719771
-1.2035038901272074873816109175095
-1.1960366146577448009935551453964
-1.1886123596827211645887700797175
-1.1812306826146561355983521934832
-1.1738911336696693510361910739448
-1.1665932693553782151241193787428
-1.1593366410286636281057326414157
-1.1521207878013934866601175599499
-1.1449452579071472957394917102647
-1.1378095830279262301587550609838
-1.1307133036310799134582794067683
-1.1236559354578665725910013861721
-1.1166369979456534089479191607097
-1.1096560022483670238102604344022
-1.1027124403799248852919845376164
-1.0958057929510860439847874658881
-1.0889355271373322153749541030265
-1.0821010813042024611974056824693
-1.0753018708699568772857446674607
-1.0685372754979025611277165808133
-1.0618066168805697646604357942124
-1.0551091501549680895521987622487
-1.0484440243073065435197577244253
-1.0418102346475064390318721052608
-1.0352061881205953941531561213196
-1.0286311736329611932205807534046
-1.0220959481151190573200437938794
-1.0156014886210886771777950343676
-1.0091474281436068061168498388724
-1.002733395962432494386007419962
-0.99635902755988314805080108271795
-0.9900239473077793173061422749015
-0.98372779669170595795435474428814
-0.97747020601566192432585467031458
-0.97125080724356416261855429183925
-0.96506923671801769781808388870559
-0.95892512694123699379389336172608
-0.95281811270998095775297542786575
-0.94674783073648305364855559673742
-0.94071391057498343624132530749193
-0.93471598748363748931922145857243
-0.92875369717588229789839715522248
-0.92282666708771354802109954107436
-0.91693452937376185296614039543783
-0.91107691554749736795315584458876
-0.90525345202589391213621183851501
-0.89946376501292579774826663197018
-0.89370747743848866218030480013113
-0.88798421537847160855960737535497
-0.88229359114931038554630049475236
-0.87663521793444798557715103015653
-0.87100871239946187074565386865288
-0.86541367387773981967313829954946
-0.85984970158258833272668653080473
-0.85431638706883883394027634494705
-0.84881331064255272078611369579448
-0.8433400488464466437932287590229
-0.83789614857232019851096538332058
-0.83248116751269929380896428483538
-0.82709461484189661373278568134992
-0.82173598675294712290195775494794
-0.81640475098797771202896456088638
-0.81110030683429301667786148755113
-0.80582200037992057772839871176984
-0.80056905320376836598939007672016
-0.79534059717902672037581623953884
-0.79013432181936293918766978094936
-0.78495556378164166311250937724253
-0.7798095706448937569632562372135
-0.77469604162811889214168559192331
-0.76961467901701585692109119918314
-0.76456519409917012009003656203276
-0.75954727987001247058174158155452
-0.75456065298052699130693099505152
-0.74960500715412070604770633508451
-0.74468005838137418805899869767018
-0.7397855042061600716607472350006
-0.7349210523540993245106278664025
-0.73008640835547278236106194526656
-0.72528127892033866785936879750807
-0.72050536498352368841580073421937
-0.71575837085047333552267900813604
-0.71104000417378099285770076676272
-0.70634996644994185732713276593131
-0.7016879528058536097390174290922
-0.69705366964989867728519357115147
-0.69244681627735105156062900277902
-0.68786708508007832207908904820215
-0.68331417298304808483067063207272
-0.67878777609065699127910420429544
-0.67428757671734063094959310546983
-0.66981326392627804633406185530475
-0.66536451789059813943794097212958
-0.66094102003894217300938862535986
-0.65654243369523679341170918632997
-0.65216842989473888803075851683388
-0.64781865977974639747571927728131
-0.64349276835954771769365834188648
-0.63919039140787103914220779188327
-0.63491114532117776114716889424017
-0.63065462178290299100069660198642
-0.62642039666157578459149135596817
-0.62220799748898802938867902412312
-0.61801690077283777391414787416579
-0.6138465029931791105965999122418
-0.60969611523095101901503767294344
-0.60556416565812454244621676480165
-0.60145308743627101666362477772054
-0.59736857767442907984900557494257
-0.59331043009988293501777434357791
-0.58927840344625237456455124629429
-0.58527225734075161156511057924945
-0.58129174660892390935629236992099
-0.57733662928718421092355583823519
-0.57340666324037403711599836242385
-0.56950160548436035146124822858837
-0.56562121575485657665183225617511
-0.5617652497978249392929228633875
-0.55793346189433690174297453268082
-0.55412561586340114416771029937081
-0.55034146037405773377315654215636
-0.54658075916812753902718213794287
-0.54284325802384358894414617680013
-0.53912872087157670542012510850327
-0.5354368912312826855881553456129
-0.53176752849324837590927472774638
-0.52812037807573741776678843962145
-0.5244951887603142015592538882629
-0.5208917091916559494180205547309
-0.51730967937099858744431912782602
-0.51374884036824164379453350193216
-0.5102089302478869381474169131252
-0.50668968219405929875875926882145
-0.5031908200036390166332012086059
-0.4997120700669505644064827265538
-0.49625314135193954179214870237047
-0.49281374482837053685457817664428
-0.4893935679715752384844051903201
-0.4859922994523517836285009252606
-0.48260959419524707136872621049406
-0.47924509621153094096612790053769
-0.47589840756248302788833370868815
-0.47256908465627545101739315214218
-0.46925661134351381864604491056525
-0.46596039885715506700947230456222
-0.46267894831826650303696624177974
-0.45941531596301510287361224982305
-0.45617392046509380731933447350457
-0.45295453794746520781444587555598
-0.44975694342086752763876233984774
-0.44658090612479084402508533457876
-0.4434262031865882081049790031102
-0.44029260767817546273761308839312
-0.43717989330946122050747248977132
-0.43408783110263737814449314100784
-0.43101619894975667923731066366599
-0.42796476473091704662010670290329
-0.42493330356930897329092999825662
-0.42192158651518768541777149039262
-0.41892938375904659187298761935381
-0.41595646709655148542950087175996
-0.41300260440041036691383169454639
-0.41006756455612275447109027481929
-0.40715111164717004976765224455448
-0.40425301402179691923066684466903
-0.40137303234387122774506906353054
-0.39851092647750269160056291184446
-0.39566645617789053535062748778728
-0.39283937591101231179280262040265
-0.39002943787731775282523472014873
-0.38723638472560317769222137940233
-0.3844599652646229492880536326993
-0.38169991079671522493654833851906
-0.37895595141665777694228722793923
-0.37622780827364887823449635106954
-0.37351519034697194809879761123739
-0.37081779219826022098160933637701
-0.36813529391893579090222488048312
-0.36546734917804518660844337318849
-0.36281357889500914781777396456164
-0.36017355843758497302431464959227
-0.35754678593499422678547716714093
-0.35493267948811624279414900229312
-0.35232976299624102489715937736037
-0.34974247353018789175038705252518
-0.3471732152551972316878448054922
-0.34462180662129437980212287584436
-0.34208805743383535746815482525562
-0.33957178447862518266830988977745
-0.33707280120337673734454142504546
-0.33459091833381410241443632003211
-0.33212595520147164540603057503176
-0.32967771674714740903766596602509
-0.32724602464530705425715950696031
-0.32483068547025695238517073448747
-0.32243151460298924426695066358661
-0.32004831941315475818399249874346
-0.31768091554231109308048530692759
-0.31532910921686874150537960304064
-0.31299270818557539675097700637707
-0.31067152309583601077491721298429
-0.30836535783629948070938553428277
-0.30607401699014935569920226043905
-0.30379730192431331214919509875472
-0.30153501383019165604792988233385
-0.29928695035064273310965177188336
-0.29705290407464524093938962323591
-0.29483266728499124553763977019116
-0.29262602571072554580311475547205
-0.29043275850705541074603388551623
-0.28825264439983377950937892819638
-0.28608544802370744486452736055071
-0.28393092788503276890921256381262
-0.28178882860025039613915964764601
-0.2796588831051006196481978349766
-0.27754079818251292666175800150086
-0.27543425423227757553590322459058
-0.27333888513313431278817233760492
-0.27125426509846201073017368798901
-0.26917980169119165578806018856994
-0.26711469443125862577304019396252
-0.2650635352873393912886967882514
-0.26302721391878219892035417615261
-0.2610055683098383982887469301204
-0.25899844101029434462191147758858
-0.25700567017409597925237108029251
-0.25502709803854939352163455623668
-0.25306256304396929079914002613805
-0.25111190375888031711681946944736
-0.24917496225029364675940257711773
-0.24725157516583784467201212464715
-0.24534158078266737890160698043474
-0.2434448176473225644578235460358
-0.24156112269959134630781250052678
-0.23969033117351290496088722647983
-0.237832279073358077159383583421
-0.23598680057731843962010032100807
-0.2341537267654013321216410759007
-0.23233289119369743280785201022809
-0.23052412207723424475425133550743
-0.22872724556686030439323076279834
-0.22694208938161217203877129122702
-0.22516847266165843088892017931357
-0.22340621752585240744615191488265
-0.22165513543589060452276839896513
-0.21991503981251331323321096533618
-0.21818573372022745382459163465683
-0.21646701517337721409894868429546
-0.21475867437562354278490772685473
-0.21306048871008742562338511561393
-0.21137222322794155249248149175401
-0.20969362148998574313374376743013
-0.20802440206244185438855254233204
-0.20636423813491311385348581097787
-0.20471275442267339306212647898064
-0.20306931130362212978290870069031
-0.20143389826033808454042173252674
-0.1998105136342434307028526063732
-0.19819939292419461174254990964982
-0.19660039762579892275162762871332
-0.19501339024540711997168784819223
-0.19343823024658646225759639492026
-0.19187478304363214665073655851302
-0.19032290326710643579843917905237
-0.1887824589774743655468114411633
-0.18725330302935219717319625942764
-0.18573530220444531280143962703733
-0.18422831066868583516082935602753
-0.18273218938816737644259546868852
-0.18124679570912183290687380576856
-0.17977198654657644549814676793176
-0.17830761751584983665352979187446
-0.17685354424828816921611007728643
-0.17540961968241552959568707592553
-0.17397569459694722793230425850197
-0.17255162038567034565872404527909
-0.17113724422203710484602368069318
-0.16973241147507550641293505577778
-0.16833696512354878738193519893684
-0.16695074271584547931368547324382
-0.16557358066169988730642614882527
-0.16420530864823784655825988920697
-0.1628457481252929273107810104193
-0.16149471915288135526189705615252
-0.16015202494058744520089021534659
-0.158817459977320690756030785451
-0.1574908018222979100286806897202
-0.15617180118476278738448570493347
-0.15486017023512288481867926748237
-0.15355558149535850076539134079212
-0.15225741983348539676512700680178
-0.15096601294091380185413697745389
-0.14968471482079823142719021689118
-0.14841359405488296907549283787375
-0.14715253172336378861828620756569
-0.14590140563295284081846148183104
-0.14466009643965271891374868573621
-0.1434284825757632941822805605625
-0.14220644474746843566315135376499
-0.14099385766033134537167370581301
-0.13979060416074931549879067915754
-0.13859655661406172777461165424029
-0.13741159665790284027941936528805
-0.13623559777379704027744367067498
-0.13506843616840402688694666721858
-0.13390998655043448439805331418029
-0.13276012207093054739992510349111
-0.13161871590313090063517620365019
-0.13048563740920179898630237858015
-0.12936075806610972116494906458684
-0.12824394289069093733068882556836
-0.12713505915071021679096929801744
-0.12603396827010499015031541603094
-0.12494053012793446266748276229919
-0.12385460115503489630928157794187
-0.1227760324538432062935200406173
-0.12170467075300933634807165617531
-0.12064035611018959770479597182202
-0.11958291863972969615304009494139
-0.11853217886368920541695359816003
-0.11748794316644489699186237885442
-0.1164499926999002926697457382943
-0.11541808158743405154922356814495
-0.11439191704700510388015288754104
-0.11337101224967989498981779661335
-0.1123553423383944205315998488004
-0.11134808192600099963076587528121
-0.11034943117418728741885303179515
-0.10935927410321706620965898082432
-0.10837749824514182617196667024473
-0.10740399057066890575740103486169
-0.10643863495495016480152372650991
-0.10548131836908264391539091775485
-0.10453192597828062093689993616863
-0.10359034100336805828135311458027
-0.10265644888448624549859289345477
-0.1017301321462250607297050919442
-0.10081127363237725458322557869906
-0.099899754703590581961236694041872
-0.098995457197438671559375222841481
-0.098098258843974911469487665272027
-0.097208040320574923276453205289727
-0.096324676267720593658694383520924
-0.095448042991248649435931383777643
-0.094578013702624905145732725486596
-0.093714458615838769350858683537808
-0.092857245762141008005308151496138
-0.092006240759089003011794716258009
-0.09116130413352722949849038514003
-0.090322292043109889125851452718052
-0.089489055782196236243919429398375
-0.088661437911965373936951095856784
-0.087839273666321909805887457878271
-0.087022382927684077680297036749835
-0.086210572363650081473274155996478
-0.085403618627735530810518582711666
-0.084601263905280818522491870226077
-0.083803187743161103306910320043244
-0.083008720417796527657472438477271
-0.082220412772344056429041359024268
-0.081439152432021350014323957111628
-0.080664844332009294491925288639322
-0.079897395583325259149631847321871
-0.079136710029647172603972649085335
-0.078382694244741910050144895194535
-0.077635250909812811292987078104488
-0.07689428694664626751098523982364
-0.076159704579585901784710699757852
-0.075431407477683815043789650189865
-0.074709299283574559513709800739889
-0.073993281090040274872166037312127
-0.073283255394035753949033562548721
-0.072579122030454051861525499589334
-0.071880780886224238113157980478718
-0.071188130352321618565802907596662
-0.070501067035781350700318625968066
-0.069819487768929183735266974508704
-0.069143284966137447122846992897394
-0.068472350960047112522488532704301
-0.0678065755463677505288089264468
-0.06714584448032778762893713064841
-0.066490040916640499868428548779775
-0.065839044233328647415248724428238
-0.065192727165198818828351079446293
-0.064550956897822975300016423716443
-0.063913591606001962652783277007984
-0.063280477888725567003902483520505
-0.062651445133368260931305826488824
-0.062026296918670370539317104885413
-0.061404807419304686944006022031317
-0.060786571454767179822908929054393
-0.060171730070461740269571748740418
-0.059562620207575724118331805811977
-0.058959321492101028627796921455229
-0.058361749570404589104732906434947
-0.057769821517246897069064459628862
-0.057183454136571970627400673947704
-0.056602562729545689845789269156739
-0.056027062841411040539085774980776
-0.055456870850845586817801091683577
-0.054891900077585764616827646023012
-0.054332066137017076545845384316635
-0.053777281938873981725901529671319
-0.053227460286086360208290813034182
-0.052682513978826207845518325711964
-0.052142353797736032405829575964162
-0.051606890256887569257138181910705
-0.051076032172169730238842078051675
-0.05054968742399047754165763990386
-0.050027762047474791384793491033633
-0.049510160296067563800992417100133
-0.04899678419509987531421657536157
-0.048487533267721830143592853801238
-0.047982304057829855414851749628724
-0.047480988721407539621122140260923
-0.046983476179688461737971039156037
-0.046489647145187634746932303642097
-0.045999376699001226498353389615659
-0.045512528324969138415756475524176
-0.045028949967727133207873180253955
-0.044548467212394714243028914779643
-0.044070879988896846657375760969444
-0.043595804018631036103048614904765
-0.043123523642557504143013602515566
-0.042656015098121127793184825804929
-0.042193294689878299563723373921675
-0.041735290602342600685403795068851
-0.041281928210735605033754325177142
-0.04083313490741428963826109566071
-0.040388836590735520404304992325706
-0.039948958898944446349599246559592
-0.03951342761925162594405236404782
-0.039082167509755710854690846645099
-0.038655103036072932520816891610593
-0.038232158027357417140468243133
-0.037813255606395701491351246659178
-0.037398318304955706359304912211883
-0.036987267530162321049758133995056
-0.036580023664232318159061918549924
-0.036176506546352786564124670576348
-0.035776633624458188676076275669402
-0.035380321839903063063648147590357
-0.034987485563398187937700356542337
-0.034598037368674519620448393197876
-0.034211887345999218712488953997308
-0.033828942234465197991255536180688
-0.03344910521277534576345402683728
-0.033072274434089547756610016904233
-0.032698341847287593076032408134779
-0.032327191345821369716784232650753
-0.031958694925523951912982312251188
-0.031592707211479172102475132533073
-0.031229058349260471749708756306063
-0.030867514242623093900785846699364
-0.030507780539453795837223637477109
-0.030151643076894326517267685972001
-0.029799430998581732943364386301255
-0.029451081770149666744229577375336
-0.029106533451611602686392998862175
-0.028765723810485383654667046471332
-0.028428589807226352370594923968383
-0.028095068929450742883924263537665
-0.02776509748783805367478016989935
-0.027438611622842033060942767974666
-0.027115547411172433167614315152605
-0.026795840107749144265447682755621
-0.026479423929484824373759010995855
-0.026166233166086474981604226286436
-0.025856200923136028746451842152965
-0.025549259500741348938301911175586
-0.025245339968699327670709209314737
-0.024944372501024211080666859174926
-0.024646285623271473042006363129985
-0.024351006589081861108958548811643
-0.024058460057138637833151761924455
-0.023768569043149757880062367121354
-0.023481253515624349315071839328084
-0.023196429485893416827524404766336
-0.022914009143471310292472509217987
-0.022633898563132734405023427370907
-0.022355995571232443325238037346026
-0.022080187133315224562446488221212
-0.02180634245276641403066264501831
-0.021534311486987561812256330995297
-0.021263809140688864907087207711811
-0.020995031153196494488888390606007
-0.020729505638987004434437011468617
-0.020467250283011176326120050816826
-0.020208206489132338190550797207834
-0.019952314733913886768412737637846
-0.019699516306252010111599304309493
-0.019449750895228455627172792219426
-0.019202959015726973890370032904684
-0.018959079839063079642169640237626
-0.018718052807784817115344111471131
-0.018479816420647485197825687919249
-0.018244308559951575438029536258
-0.018011467004743368647279311289822
-0.017781228074865845778518291808723
-0.017553527660050163156091329597075
-0.017328300784593551192580562769763
-0.017105480839772573692370016829045
-0.01688500062589785855049484553092
-0.016666790782847516749765048871268
-0.016450780557307906337705105670466
-0.016236897155143578674874049738719
-0.016025064727198529146434680114908
-0.015815204778213194647396022674002
-0.015607234632329373968939734140804
-0.015401066394515957810873452160649
-0.015196605210359592774693737737834
-0.014993746651493397928356365866875
-0.014792371350838436766528261046005
-0.014592341330166304011473066282178
-0.014393437625042131144947887833041
-0.014195595173587970475037600692758
-0.014000239872400932136797813143403
-0.013807487968794973295927341894185
-0.013617290662746550991557548115907
-0.013429598855481728048033573941211
-0.013244363248284646630836824954258
-0.013061534123983212229980210850044
-0.012881061831751049184813240344738
-0.012702895790044970922294531590069
-0.012526985767564396620499245216251
-0.012353280144175724647448433302088
-0.012181727934624748954650641508124
-0.012012276336682144520229265083344
-0.011844873088173515918164468985196
-0.011679464181652101859021364305136
-0.011515995540918049291900793207333
-0.011354411508358369306548318888872
-0.011194655815793284892034620270351
-0.011036670272516448804145383633113
-0.010880395917930878180168718927234
-0.010725771030896147015254449286203
-0.010572732101988450287288756612725
-0.010421212785615297652386246340939
-0.010271142881114161266031814534472
-0.010122447525819366909161090006819
-0.0099750454714910286035944864124758
-0.0098288459011355387012764950327437
-0.0096837434869355455691053435884896
-0.0095396208137081064948326059038664
-0.009396191621558224946197945826043
-0.0092540271368748427960326807806268
-0.0091139545472730607023059690163791
-0.0089759329417895099278990045377213
-0.0088399213059222655347602071174151
-0.0087058781673959341473878481565407
-0.0085737618947362460863903521612883
-0.0084435306239747168199905047458742
-0.0083151424033725308826436872777776
-0.0081885542876564271219663737610972
-0.0080637238146418609846532987717183
-0.0079406076026959995783904844302015
-0.0078191616472443707663853018630107
-0.007699342016420229403705910442568
-0.0075811034227073817448605552726804
-0.0074644004085715883953233706904484
-0.0073491866196530161378652756809515
-0.0072354145620661669546791472384939
-0.0071230356612924372594619626397616
-0.0070120003158998783082678230016427
-0.0069022572135902212145386336317188
-0.0067937529823326675906813854055599
-0.0066864321757835916415491084308087
-0.006580236280608314086704169199038
-0.0064751030139669034368932187817336
-0.0063709646805682638645573767632868
-0.0062677460967864818616734901013388
-0.0061653607976150676811544215638605
-0.0060637105687387105740215886839906
-0.0059625844658889497543197144580063
-0.0058622882702895132145393120026711
-0.0057636403520565163138833497669111
-0.0056666158026432641992009564546606
-0.0055711796831572762966899858838588
-0.0054772970245597404209680902908985
-0.0053849325620935464473126863538255
-0.0052940507748846336866233031059892
-0.00520461592218138431598095650088
-0.0051165919720168508838531451488052
-0.0050299425442018458332071872973756
-0.0049446308256772229794417938819606
-0.0048606197027358582704592571133162
-0.0047778714381482160003522530189457
-0.0046963479086558996764000362134084
-0.0046160100439238387765028548415103
-0.0045368185207960553401163039666244
-0.0044587327075464614975497390503278
-0.0043817112965794978787781310813898
-0.0043057116108270194337892533553713
-0.0042306896032807276078480107628366
-0.004156599597009152588511504688995
-0.0040833936066541360460080412053685
-0.0040110208723415120835031899559908
-0.0039394271502270171436688173116636
-0.0038685527837009018453651165714291
-0.0037983309115474468350970305152714
-0.0037286832161606787636176640887697
-0.0036595165622886369032051856464705
-0.0035906190836278882236309861752943
-0.0035227303293596831483547315855276
-0.0034561572040987574919168601184083
-0.0033908678277261858693969465150531
-0.0033268304136284325249472981766985
-0.003264012783827108851036902237297
-0.0032023826434784156622082029741705
-0.003141907389916541101793079349136
-0.0030825542269416902028955629333495
-0.0030242899506341272899967442810976
-0.0029670811740921008634042088658589
-0.0029108938773481484590943679791053
-0.0028556938914970596277154157860423
-0.0028014463438429510443172798517253
-0.0027481158778895975816625174559249
-0.0026956665632137588248240511745735
-0.002644061511493414097506704507623
-0.0025932632793905382138921478230031
-0.002543233083858185798742379546411
-0.0024939311549922703326043205152018
-0.0024453161893267646651017876990863
-0.0023973449373611930429683880561242
-0.0023499720027371469657784253115551
-0.0023031489060450971093074734596939
-0.0022568228893843599036639346877564
-0.002210935555088873547685546228081
-0.0021654189179743602716721184719972
-0.002120197539195649814869337745904
-0.002075082544465609111355997029591
-0.002030529805126156384087465767152
-0.0019869277797637256884055734218464
-0.0019442532904655517381198315263191
-0.0019024829427336132237763566266153
-0.0018615932017015917720320627992692
-0.0018215603010484303879434886397348
-0.0017823605134706982291298293930026
-0.0017439696324977611418399758846931
-0.0017063633752590944350768786819117
-0.0016695172166004026807761828621324
-0.0016334062215519733890500830852943
-0.0015980052899501099271384330080537
-0.0015632887312517326945660034454022
-0.0015292306782195364336929266357856
-0.0014958045486879046736400367123565
-0.0014629833390877766859106134944568
-0.0014307392777637706338111911463784
-0.0013990438522908661255622631003348
-0.0013678676088363589738450265542724
-0.0013371798700717283953781633343283
-0.0013069485457078353074500398633973
-0.0012771396767313272779809096846293
-0.0012477168373732383001295520585927
-0.0012186401175223087259280596583721
-0.0011898645769307825571098335970532
-0.0011613378876224279487305857117008
-0.0011329935084395414447711036842747
-0.0011047149182113016104705982556311
-0.0010770223797914883680920672404113
-0.0010500554593972873974883075476328
-0.0010237936054482998406156557535951
-0.00099821595796423939761510268908751
-0.00097330174135759313716609320010775
-0.00094902978438442643985273328155472
-0.00092537892813431986329536504953808
-0.00090232770565281414463371101319922
-0.00087985444937845394552944355837099
-0.00085793726191902403531430731931096
-0.00083655394168351336452171818081069
-0.00081568198182368611276471526139176
-0.00079529849644128407844950734428835
-0.00077538022515966672880416421520522
-0.00075590336712556957174391492060295
-0.00073684364684508090858477968865259
-0.00071817605394383686803760902250815
-0.0006998748929187253563916071286144
-0.00068191345687728592388221482423205
-0.00066426395018558928758090065258557
-0.00064689706787319535552516214238494
-0.00062978167340715940098611058672873
-0.00061288399643971269020736869492794
-0.0005961666294805340743367949585263
-0.00057958644511769854927585310377935
-0.00056309563195776845233309071403482
-0.00054657785699698967132181826045212
-0.00053028839485727216618293766714487
-0.00051449267290474708005237891583761
-0.00049917603641086070141719144288572
-0.00048432377523351696595177440229918
-0.00046992104392621351265438289779297
-0.00045595289489883805830391927393919
-0.00044240425867740640081954284212884
-0.00042925990851490065762507963853523
-0.00041650445914162494316645979353098
-0.00040412236352767630896687389707722
-0.00039209785203921863590628693607698
-0.0003804149432313863685856114571493
-0.00036905739253006742415022523040591
-0.00035800865781958747611352089634806
-0.00034725187763190391767448295112786
-0.00033676976565460124430489985414283
-0.00032654461705792570732492796636848
-0.0003165581421841768541489137156475
-0.00030679142777431981595898102810338
-0.00029722471618425286548487163074128
-0.00028783725421833143308034119733918
-0.00027860694031215310151675113026215
-0.00026950987356983183932529479776008
-0.00026051953405065316447808410060816
-0.00025160544390889273171085793734392
-0.00024273345741781954536427090562967
-0.00023382230670250601489018604794978
-0.00022507724556859054097432415453284
-0.00021664234170746442470836812255186
-0.00020850858530715977133540572907577
-0.00020066692120840543532046817976067
-0.00019310820505598452995026093059749
-0.00018582324850626602032177547840774
-0.00017880275230077393605089552952592
-0.00017203734700410296207945259894245
-0.00016551754636535192188005749525104
-0.00015923375144458342235823100629943
-0.00015317623807236592395168706115527
-0.00014733511475629982472902723689145
-0.00014170033684807485305223728744295
-0.0001362616457582352847040241261567
-0.00013100855941601796108772481908034
-0.00012593031384525477946699500986227
-0.00012101583511280932859473929985583
-0.00011625363188838840175672040277988
-0.00011163175107984479167682473343959
-0.00010713760831907921959506996278932
-0.00010275783261180565161807543006489
-9.847797378759175375689122189371e-05
-9.4282057769125261151993422359396e-05
-9.0151787242753853197918534334576e-05
-8.6065996055435366879349246005404e-05
-8.1990054778963394584503920903273e-05
-7.7918663927703282995156086609967e-05
-7.4089850378733306500433908325931e-05
-7.0519331767238837660287387176794e-05
-6.7196386468101090535046115981288e-05
-6.4110209932954085113032682841094e-05
-6.1249903033167688612241341683529e-05
-5.8604472372250063141180254078222e-05
-5.61628049330568083390494149576e-05
-5.3913672753332450180915880189048e-05
-5.1845700996612024123201545311446e-05
-4.9947365475304230460120574752736e-05
-4.8206967225367316099305520227247e-05
-4.6612605966863757340004625895347e-05
-4.5152162108369104406672966955938e-05
-4.3813253975889766486662146860454e-05
-4.2583201167637867992285527485308e-05
-4.1448973215160837834953461156218e-05
-4.0397120606971573329290609022379e-05
-3.9413687044210148980108443517167e-05
-3.8484093274086716355945891887558e-05
-3.7592965156122227826564902164463e-05
-3.6723883640843324612478004720373e-05
-3.5858994007620396602103313155041e-05
-3.4978329729541938369116044205143e-05
-3.4059011578864698455062359760959e-05
-3.3070887595022837300053064613081e-05
-3.1975526736603463004611491715679e-05
-3.0973738193047538412149694009301e-05
-3.0104552095707260773223973293611e-05
-2.9360963831031940298029944691471e-05
-2.8735910672622139118079220843072e-05
-2.8222267261835995801923238079922e-05
-2.7812836755326368089451943843571e-05
-2.750034721785465160071720847057e-05
-2.7277440407525267647729713682558e-05
-2.7136664660208526666943310012847e-05
-2.7070462553670167652961064952422e-05
-2.7071159397592586885695695175791e-05
-2.7130948333309781576351549237103e-05
-2.7241871814656208752132224293341e-05
-2.7395801301773236777464121116665e-05
-2.7584410343428489032760117516396e-05
-2.7799141398042806483381639282015e-05
-2.803116445844187998672793205035e-05
-2.8271320002772792396488268917842e-05
-2.8510045005965622093432529360335e-05
-2.8737265189324858263592715745816e-05
-2.8942236491275305168427781077334e-05
-2.9113293391648507754893362986515e-05
-2.9237418996331477542664767366176e-05
-2.929991988446190926331444415176e-05
-2.9278876371781100004191428221034e-05
-2.916815710393028403301166062711e-05
-2.9078935154008559902348574066622e-05
-2.9019243367563956443547917851689e-05
-2.8985883652942313301907259481816e-05
-2.8975623220537550806799251268409e-05
-2.8985191891962570177139132954203e-05
-2.9011279017365114370500742135839e-05
-2.9050528611854011299363287346154e-05
-2.9099536939874595480298030691912e-05
-2.9154846131104118658709800637752e-05
-2.9212939582108833652023330285097e-05
-2.9270235633567870067207883355564e-05
-2.9323079856020102073980992951618e-05
-2.9367736805362817720027254764226e-05
-2.9400379046743950077263604625522e-05
-2.9417075974703965103584923923563e-05
-2.9413775658358002631186101094585e-05
-2.9386289072421652504834427288571e-05
-2.9330259641317562630978207915966e-05
-2.9241134115748617511298945714771e-05
-2.9114108901124215319448224059684e-05
-2.8944062828742170946161663125373e-05
-2.8725439608203403077900384143817e-05
-2.845205818127785444985114460259e-05
-2.8117096489562076646728100426387e-05
-2.770793474540672956759647382885e-05
-2.7245774063358099828296640665393e-05
-2.6746443545269026282121260784663e-05
-2.6209120683683321899846985214566e-05
-2.563291148465670759313064785978e-05
-2.5016843307345222249945745907063e-05
-2.4359848220706165555175110037922e-05
-2.3660756456072630661948211217016e-05
-2.2918273134889024367352380884277e-05
-2.2130960847256790229075143483506e-05
-2.129721305436161458046924466192e-05
-2.0415221737598633101884448848296e-05
-1.9482934502061021375327043436698e-05
-1.8498003381410750046998092699368e-05
-1.7457707589985349246400336831186e-05
-1.6358859525645256795213164369152e-05
-1.5197669468398876266518673916472e-05
-1.3969540326525566788381203797709e-05
-1.2668781869934195099484247615251e-05
-1.1288139856181427810358740282393e-05
-9.8180243425907041076011044777871e-06
-8.245106131456394433294938839385e-06
-6.5494689912540222115496478527685e-06
-4.6977649272733702280092915604115e-06
-2.6208274813575389774068097326065e-06
-3.7502217329648239052665688245611e-12

