430910625.9135990142822265625
258999330.57721340656280517578125
135412100.28091213107109069824219
73992877.132502824068069458007812
43607376.761600650846958160400391
27562437.517515003681182861328125
18447411.23405063152313232421875
12931111.538493143394589424133301
9407026.780467212200164794921875
7053688.2682371260598301887512207
5424659.6665310896933078765869141
4261428.3741725124418735504150391
3408584.9566846126690506935119629
2769435.9547718572430312633514404
2280978.375820620451122522354126
1900885.4150634203106164932250977
1600635.7400782441254705190658569
1360482.2989973626099526882171631
1166247.5165919086430221796035767
1007401.3977529368130490183830261
876031.14288503548596054315567017
766519.26654619630426168441772461
674500.7125298050232231616973877
596604.31668574176728725433349609
530211.39206427021417766809463501
473266.53593159420415759086608887
424140.95621576608391478657722473
381532.46008864784380421042442322
344393.79695813811849802732467651
311907.66091163724195212125778198
283375.89718262996757403016090393
258211.56333823571912944316864014
235929.49046151278889738023281097
216126.25339208959485404193401337
198464.52440361940534785389900208
182660.75980969986994750797748566
168475.44143145543057471513748169
155705.29156136282836087048053741
144177.02341718677780590951442719
133742.29449429258238524198532104
124275.88510629824304487556219101
115677.26938073987548705190420151
107849.47502043403801508247852325
100707.10489860259986016899347305
94175.910600593197159469127655029
88191.129638822836568579077720642
82696.100009120433242060244083405
77641.101159128069411963224411011
72982.380613001965684816241264343
68682.122763419902184978127479553
64709.573953524821263272315263748
61034.166978372231824323534965515
57628.298442195489769801497459412
54467.39759307991334935650229454
51529.544560248090419918298721313
48795.142482607261626981198787689
46246.635130617301911115646362305
43869.324366887492942623794078827
41649.907090182612591888755559921
39575.227086364582646638154983521
37633.42927871129359118640422821
35813.812517592567019164562225342
34106.700646219418558757752180099
32503.409767536028084577992558479
30997.23045893359812907874584198
29581.298372064735303865745663643
28248.952404131367075024172663689
26994.111908635550207691267132759
25811.218645668999670306220650673
24695.185261845450440887361764908
23641.349486200382671086117625237
22645.433339382216217927634716034
21703.506748041032551554962992668
20811.955037095089210197329521179
19967.449841693724010838195681572
19166.923039998033345909789204597
18407.54335887714114505797624588
17686.695348523488064529374241829
17001.960459883521252777427434921
16351.099991565373784396797418594
15732.039701271030935458838939667
15142.855901436581916641443967819
14581.762880184787718462757766247
14047.101507350973406573757529259
13537.328901620656324666924774647
13051.009049042319020372815430164
12586.804275629971016314812004566
12143.467487686928507173433899879
11719.835103066481678979471325874
11314.823212957930081756785511971
10927.710963330222512013278901577
10557.715435234682445297949016094
10203.902863869085194892250001431
9865.399640934407216263934969902
9541.3878643808002379955723881721
9231.1012588818375661503523588181
8933.8214327655896340729668736458
8648.874440606306961853988468647
8375.6276237733909511007368564606
8113.4867039888604267616756260395
7861.8931074019774314365349709988
7620.3214988836580232600681483746
7388.277508204574587580282241106
7165.2956315164337866008281707764
6950.9372931281759520061314105988
6744.7890539795380391296930611134
6546.4609544805198311223648488522
6355.5849805233610823052003979683
6171.8136424974709370872005820274
5994.8186580596011481247842311859
5824.2897302426426904276013374329
5659.933413236224623688030987978
5501.4720588493200921220704913139
5348.6428372771943031693808734417
5201.1968263487833610270172357559
5058.8981639318899397039785981178
4921.5232586282099873642437160015
4788.860054302266689774114638567
4660.7073443626186417532153427601
4536.8741320537692445213906466961
4417.1790333263134016306139528751
4301.4497191342725272988900542259
4189.5223942648945012479089200497
4081.2413100396479421760886907578
3976.4583084383207278733607381582
3875.032395392568560055224224925
3776.8295096329147781943902373314
3681.7811252692849848244804888964
3589.8074936303796675929334014654
3500.7845621335422947595361620188
3414.5941993444221225217916071415
3331.1238707050370067008771002293
3250.2663342404039212851785123348
3171.9193548784764971060212701559
3095.9854361205179884564131498337
3022.3715678929352179693523794413
2950.9889894981065481260884553194
2881.7529666611912944063078612089
2814.5825817428822119836695492268
2749.4005362556172258337028324604
2686.132964882535361539339646697
2624.709260255832305119838565588
2565.0619078037643703282810747623
2507.1263300242644618265330791473
2450.8407395880954027234110981226
2396.1460007158916596381459385157
2342.9854983119080316100735217333
2291.3050143727032263996079564095
2241.052611221887673309538513422
2192.1785211524224905588198453188
2144.6350420861522252380382269621
2098.3764388863473868696019053459
2053.3588499832089837582316249609
2009.5401989948145455855410546064
1966.8801110467074977350421249866
1925.3461475996887202200014144182
1884.9236825398850214696722105145
1845.5777822610450584761565551162
1807.2727914314273220952600240707
1769.9744512785634924512123689055
1733.6498367899710046913241967559
1698.2672970938560865761246532202
1663.7963988410060665046330541372
1630.2078724200835040392121300101
1597.4735608488781508640386164188
1565.5663711936540494207292795181
1534.4602283777167031075805425644
1504.1300312487010160111822187901
1474.5516107819137232581852003932
1445.7016903043729598721256479621
1417.5578476310649875813396647573
1390.0984790112704558850964531302
1363.3027647888827686983859166503
1337.1506366861901824449887499213
1311.622746625872196091222576797
1286.7004370108631974289892241359
1262.3657123863672495645005255938
1238.6012124126050366612616926432
1215.3901860809530717233428731561
1192.7191752355047356104478240013
1170.5809569857271981163648888469
1148.9604504558969892968889325857
1127.842453112742759913089685142
1107.2122908494279727165121585131
1087.0557969346989466430386528373
1067.3592919045527196431066840887
1048.1095643496353204682236537337
1029.293852554128534393385052681
1010.8998269442839728071703575552
992.91557330703028583229752257466
975.32957674116983071144204586744
958.13070630572281061176909133792
941.30820033183692885359050706029
924.85165236644263586640590801835
908.75099771754605626483680680394
892.99650057258656943304231390357
877.57874166279839300841558724642
862.48860644791704999079229310155
847.71727379687604297942016273737
833.25620514141860439849551767111
819.0982757499717763494118116796
805.24086686211455798911629244685
791.67678372881641735148150473833
778.39836216003868685220368206501
765.39817397533715848112478852272
752.66901867070271237025735899806
740.2039154166905063902959227562
727.99609537321168772905366495252
716.03899430706769635435193777084
704.32624549896820553840370848775
692.85167292743460620840778574347
681.60928471756699309480609372258
670.59326684325469614122994244099
659.79797707192312827828573063016
649.21793914144996051618363708258
638.84783715935577674827072769403
628.68251021484434204467106610537
618.71694719470394829841097816825
608.94628179450126026495127007365
599.36578771689403311029309406877
589.97087404926196541055105626583
580.75708081322045472916215658188
571.72007467891057785891462117434
562.85564483728933282691286876798
554.15969902394976998039055615664
545.6282596882847428787499666214
537.25746030209802484023384749889
529.043541802017898589838296175
520.98284916032559976883931085467
513.07182807904871424398152157664
505.30702180239387644178350456059
497.68506804281696531688794493675
490.20269601622140953622874803841
482.85672358198809206442092545331
475.64405448370956719372770749032
468.56167568669701495309709571302
461.60665480847978869860526174307
454.77771547609597746486542746425
448.07410661020253428432624787092
441.49300412139893978746840730309
435.0316483849887845281045883894
428.6873528258847159122524317354
422.45750170678240920096868649125
416.33954799162040671944851055741
410.33101128147524150335812009871
404.42947582017325203196378424764
398.63258856699883381224935874343
392.93805733399966584329376928508
387.34364898548255951027385890484
381.84718769739720301004126667976
376.44655327439562597646727226675
371.13967952244900061486987397075
365.92455267498206694654072634876
360.79920987057721504243090748787
355.76173768036807132375543005764
350.81027068332679164086584933102
345.94299008771218950641923584044
341.15812239702205488356412388384
336.45393811885497825642232783139
331.8287505151473624209756962955
327.28091439231690173983224667609
322.80882492989735510491300374269
318.410916546305202246003318578
314.0856618004327742710302118212
309.8315703278102546391892246902
305.64718781013175430416595190763
301.53109497698244467756012454629
297.48190663864886573719559237361
293.49827074894278666761238127947
289.57886749699883921493892557919
285.72240842705713248506071977317
281.92763558527070699710748158395
278.19332069261855622244183905423
274.51826434303723090124549344182
270.90129522591627164729288779199
267.34126937213954988692421466112
263.83706942287710717209847643971
260.38760392036800794812734238803
256.99180661995944774389499798417
253.64863582269563835325243417174
250.3570737277738089687773026526
247.11612580421351026416232343763
243.92482018110334252014581579715
240.78265796278341781544440891594
237.68985367762289229176531080157
234.64552188433518153942713979632
231.6487388814941539294522954151
228.69860154265398932693642564118
225.79422679298599518915580119938
222.9347511008775768459599930793
220.11932998402042471752793062478
217.34713752952515619654150214046
214.61736592762474629125790670514
211.92922501853703920460247900337
209.28194185207317445929220411927
206.67476025959820162825053557754
204.1069404379527441051322966814
201.5777585449701803099742392078
199.08650630622918242806917987764
196.63249063269265093367721419781
194.21503324890181829687207937241
191.83347033139983750515966676176
189.48715215707358083818689920008
187.17544276111109979865432251245
184.89771960428294050871045328677
182.65337324926525752744055353105
180.4418070457321334743028273806
178.26243682395224254833010490984
176.11469059663741631993616465479
173.9980082687932849694334436208
171.91184135533609378398978151381
169.85565270624371692065324168652
167.8289162390178717032540589571
165.83111667824212531741068232805
163.86174930202579957949637901038
161.92031969513377021030464675277
160.00634350860312338227231521159
158.11934622566113262109865900129
156.2588629337584791301196673885
154.42443810254223990341415628791
152.61562536759484487447480205446
150.83198731977535089754383079708
149.07309529999989194948284421116
147.3385291993059809101396240294
145.62787726405025523490621708333
143.94073590609323787248285952955
142.27670951782803854257508646697
140.63541029191819120569562073797
139.01645804560931196647288743407
137.41948004948753236931224819273
135.8441108605582314794446574524
134.28999215952575241317390464246
132.75677259215504477651847992092
131.24410761460319463367341086268
129.75165934260917310894001275301
128.27909640443633065842732321471
126.82609379746278932543646078557
125.39233274832021436395734781399
123.97750057648302401958062546328
122.58129056121389055533654754981
121.20340181177330407535919221118
119.84353914080548975107376463711
118.50141294081284115691232727841
117.17673906363701519239839399233
115.86923870286375404248246923089
114.57863827907431186758913099766
113.30467949232817659321881365031
112.0474941139827649294602451846
110.80701369891676222323440015316
109.58296677560612408797169337049
108.37508700466042910193209536374
107.18311306867360599426319822669
106.00678856471974143005354562774
104.84586189942274359054863452911
103.70008618653208998239279026166
102.56921914693852215805236482993
101.45302301106590903145843185484
100.3512644235749888821374042891
99.263714350320867652044398710132
98.190147987503209492388123180717
97.130344672953256690561829600483
96.084087799501219251396832987666
95.051164730371198174907476641238
94.031366716549484863207908347249
93.024488816076981834157777484506
92.03032981521509725553187308833
91.048692151437492725563060957938
90.079381838200532683913479559124
89.122208391447912845251266844571
88.176984757803481329574424307793
87.243527244411453125394473318011
86.321655450380660568043822422624
85.411192199793163126742001622915
84.511963476236843462174874730408
83.623798358824728893523570150137
82.746528959663280033964838366956
81.87999036273237152272486127913
81.02402056414356934510578867048
80.178460413740751278055540751666
79.343153558010612869111355394125
78.517946384269862392102368175983
77.702687966098480387699964921921
76.897230009987225685108569450676
76.101426803170255652730702422559
75.315135162613529473674134351313
74.538214385130359573850000742823
73.770526198597295319814293179661
73.011934714242642030512797646224
72.262306379982391035809996537864
71.5215099347771570137410890311
70.789416363986347846548596862704
70.065898855695209590521699283272
69.35083275799061652833188418299
68.644095537164190545809105969965
67.945566736818832964672765228897
67.255127937858574682650214526802
66.572662719339817272157233674079
65.898056620163572461024159565568
65.231197101588890063794679008424
64.571973510547863384090305771679
63.920327180091625507429853314534
63.276352930095796978093858342618
62.639964732669781710683309938759
62.011056772424069549742853268981
61.389524937683269456556445220485
60.775266789341067408258822979406
60.168181530353329833360476186499
59.568169975854786457603040616959
58.975134523885635928763804258779
58.388979126713564937745104543865
57.809609262738256063585140509531
57.236931908965523518872942076996
56.670855514036993838544731261209
56.111289971804708898162061814219
55.558146595436888048880064161494
55.011338092043956748966593295336
54.470778537812833519637933932245
53.936383353638028381737967720255
53.408069281239512804404512280598
52.885754359754827191864023916423
52.369357902797005976935906801373
51.858800475966425835849804570898
51.354003874807531815349648240954
50.854891103200316138099879026413
50.361386352177092362580879125744
49.873414979155576531866245204583
49.390903487578441399818984791636
48.91377950695159171345949289389
48.44197177327171743854705709964
47.975410109834655258964630775154
47.514025408417218443446472520009
47.057749610823286445793200982735
46.606515690787354344593040877953
46.160257636226880606500344583765
45.718910431837286978407064452767
45.282410042020607932045095367357
44.85069339414226163853527395986
44.423698362108105186507600592449
44.001363750254967044384102337062
43.583629277548538993869442492723
43.170435562081564739855821244419
42.76172410586637795404385542497
42.357437279915373551375523675233
41.957518309603678119401592994109
41.561911260307489612841891357675
41.170561023313275939017330529168
40.783413301991004118463024497032
40.40041459822712965888058533892
40.021512199110986784944543614984
39.646654163869754938787082210183
39.275789311046999330301332520321
38.908867205919214882214873796329
38.545838148146174262365093454719
38.186653159649694089239346794784
37.831263972716392629536130698398
37.479623018319912830520479474217
37.131683414657963737681711791083
36.78739895589974651102238567546
36.446724101139928109205357031897
36.109613963554252791254839394242
35.776024299753515833799610845745
35.44591149933104645697312662378
35.11923257460061620349733857438
34.795945150520211086586641613394
34.476007454798626383762893965468
34.159378308180372130209434544668
33.846017114906338463242718717083
33.535883853345737293238926213235
33.228939066796648660329083213583
32.925143854451270897243375657126
32.624459862523032427361613372341
32.326849275532104854846693342552
32.032274807746119904550141654909
31.74069969477345054542638536077
31.452087685305329500806692522019
31.166403033004844047582082566805
30.883610488538806748692877590656
30.603675291750693787662385147996
30.326563163971403724872288876213
30.052240300464990951923027751036
29.780673363007313270145459682681
29.511829472594445888944392208941
29.245676202278627187070014770143
28.982181570129320391515648225322
28.72131403231667334807752922643
28.463042476315411732912252773531
28.20733621422646564269598457031
27.95416497621446438870407291688
27.703498904058406537842529360205
27.455308544813821214347626664676
27.209590615440355065857147565112
26.966383249688309575731182121672
26.725659685190052528014348354191
26.487389958843746029515386908315
26.251544520037828789327249978669
26.018094224265677638641136582009
25.787010326850392516462306957692
25.558264476777367235627025365829
25.331828710632951384695843444206
25.107675446646805283990033785813
24.885777478836327958333640708588
24.666107971250980313016043510288
24.448640452314791104981850367039
24.233348809265081058583746198565
24.020207282685646532627288252115
23.809190461132690330714467563666
23.600273275851662901914096437395
23.393430995583340603616306907497
23.188639221457524541847305954434
22.985873881972704424470066442154
22.785111228060067389833420747891
22.586327828230384540120212477632
22.389500563802005927982463617809
22.194606624208805811804268159904
22.001623502386280506470939144492
21.810528990234629986844083759934
21.621301174157142810372533858754
21.433918430672804333880776539445
21.248359422101426474682739353739
21.064603092320297150763508398086
20.882628662590828838574452674948
20.702415627454044511068786960095
20.523943750693611320912168594077
20.34719306136508620852509920951
20.172143849890431965832249261439
19.998776664216446619093403569423
19.827072306035780968613835284486
19.657011827070004272854930604808
19.488576525412746320853329962119
19.321747941932667202991069643758
19.156507856734677375243336427957
18.992838285678423915214807493612
18.830721476953289794664669898339
18.670139907708481530335120623931
18.511076280737718491309351520613
18.35351352121705659214967454318
18.197434773495139381793705979362
18.042823397935229934319067979231
17.889662967807357318861249950714
17.737937266230616728535096626729
17.587630283163960598358244169503
17.438726212445043728394011850469
17.291209448876209364698297576979
17.145064585356745823219171143137
17.000276410060592979789362289011
16.856829903658738345484380261041
16.714710236585492708627498359419
16.573902766347991644124704180285
16.434393034877935235726909013465
16.296166765925057973163347924128
16.159209862491614728696731617674
16.023508404306891605983764748089
15.889048645341382837159471819177
15.75581701135978818228977615945
15.623800097512123841170250670984
15.492984665962401535921344475355
15.363357643554246934058937767986
15.234906119512569233620524755679
15.107617343181052760314742045011
14.981478721794555752921951352619
14.856477818285950931453953671735
14.732602349126807439461117610335
14.609840182201283553808934811968
14.488179334712796730855188798159
14.367607971122737353653064928949
14.248114401120854921600766829215
14.129708447276485117072297725827
14.012403254179064404638666019309
13.896186807556951237074827076867
13.781047202877536150822379568126
13.666972682497041446936236752663
13.55395163364004851302979659522
13.44197258640988756894785183249
13.331024211829221925995625497308
13.221095319910398657725636439864
13.112174857754970602741195762064
13.004251907682089495210675522685
12.897315685385045469502074411139
12.791355538115713130764561356045
12.68636094289629667741792218294
12.582321504757949526265292661265
12.479226955005893628936064487789
12.377067149510505572607144131325
12.275832067024035509916757291649
12.17551180752237804938431509072
12.076096590571756550502868776675
11.977576753719613833482071640901
11.879942750909487259036723116878
11.783185150919447181649957201444
11.68729463582373817587267694762
11.59226199947710611581896955613
11.498078146021658341169313644059
11.40473408841567604099509480875
11.312220946984250957711992668919
11.220529947991124686268449295312
11.129652422231639974370409618132
11.039579803646251576765280333348
10.950303627954498963958940294106
10.861815531308815607758333499078
10.774107248968194383564878080506
10.687170613991041179247076797765
10.600997555947209605164971435443
10.515580099648710543647212034557
10.430910363898904691382085729856
10.346980560259853021420894947369
10.263782991837484104280520114116
10.181310052084393547033869253937
10.099554223619907844522458617575
10.018508077067192374443038715981
9.938164269907137082782355719246
9.8585155453486308374522195663303
9.7795547312152386609795939875767
9.7012747388476601173579183523543
9.6236685620220967507520981598645
9.5467292758839139565907316864468
9.4704500358966896556012216024101
9.394824076806152390872739488259
9.319844711618955557241861242801
9.2455053305958898590688477270305
9.1717994002594718239151916350238
9.0987204624156028387460537487641
9.0262621331890393605590361403301
8.9544181020725428510331767029129
8.8831821309894731797385247773491
8.8125480533695625950940666371025
8.7425097732377334835973670124076
8.6730612643157787289283078280278
8.604196569136533412347489502281
8.5359097981706195668039072188549
8.4681951289653358827536067110486
8.4010468052956088769178677466698
8.3344591363268296646538146887906
8.268427046021313842061317700427
8.202962214124216444588455487974
8.1380670950846667466294093173929
8.0737359238935262339964538114145
8.0099630006180824182138167088851
7.9467426895886950077851906826254
7.8840694185966206930515909334645
7.8219376781028815415197641414125
7.7603420204580109142966648505535
7.6992770591324939388755410618614
7.6387374679577790814732907165308
7.578717980377651208812039840268
7.5192133887098488997935419320129
7.4602185434177741285566298756748
7.4017283523921122423416818492115
7.3437377802422139083660113101359
7.2862418475971812981129005493131
7.2292356304163476465873827692121
7.1727142593091972599950167932548
7.1166729188644319847867336648051
7.0611068469881308473645731282886
7.0060113342508625322579973726533
6.9513817232435863857631375140045
6.8972134079422318109209300018847
6.8435018330808343733906440320425
6.7902424935330900623853267461527
6.7374309337022069144040870014578
6.6850627469189243257119414920453
6.6331335748476067948331547086127
6.5816391069002584401914646150544
6.5305750796583597050926073279697
6.4799372763024392085640101868194
6.4297215260491880073345782875549
6.3799237035961091635272168787196
6.3305397285735169887743722938467
6.2815655650037927060225229070056
6.2329972207678370210715002031066
6.1848307470785419681646999379154
6.1370622379612429497797165822703
6.0896878297410301783543218334671
6.0427037005367791877574745740276
5.9961060697618897563643258763477
5.9498911976315449479102426266763
5.9040553846764813883396527671721
5.858594971263069162148440227611
5.8135063371197448489624548528809
5.7687859008696067419919017993379
5.7244301195690994177311949897557
5.6804354882527441361617093207315
5.6367985394837871737649948045146
5.5935158429106985877865554357413
5.5505840048294130539829893677961
5.5079996677512985669977751967963
5.465759509976676255860184028279
5.4238602451738984200346749275923
5.3822986219638480065441399347037
5.3410714235098009083912984351628
5.3001754671126031226435770804528
5.2596076038110473049869142414536
5.2193647179873794428317523852456
5.1794437269778894616933939687442
5.1398415806885147105731448391452
5.1005552612153293168262280232739
5.0615817824699380622632816084661
5.022918189809636224651967495447
4.9845615596722803175566696154419
4.9465089992158510767694679088891
4.9087576459625879010673088487238
4.8713046674476583319801648030989
4.8341472608722737547282122250181
4.7972826527612415503654119675048
4.7607080986248373477565110079013
4.7244208826249609600722578761633
4.6884183172455244914544891798869
4.6526977429670033359343506162986
4.6172590976636165294166858075187
4.5821113608898142999237279582303
4.5472531517080314600320889439899
4.5126816763870198911945408326574
4.4783941707321464065216787275858
4.444387899744290493231346772518
4.4106601572830728130725219671149
4.3772082657343158729190690792166
4.3440295756816977856828998483252
4.3111214655825280672729604702909
4.2784813414476099424632593581919
4.2461066365250967891142863663845
4.2139948109883578197809583798517
4.1821433516276806940936694445554
4.1505497715458989915759957511909
4.1192116098577784555345715489239
4.0881264313931717779837526904885
4.0572918264038602131904553971253
4.0267054102740749144118126423564
3.9963648232345656552411128359381
3.9662677300802746671593013161328
3.9364118198914761492801517306361
3.9067948057583845589135762566002
3.8774144245091868299368798034266
3.8482684364414021516154207347427
3.8193546250565852950842327118153
3.7906707967983073181983399990713
3.7622147807933536967084364732727
3.7339844285960808178970182780176
3.7059776139359841273801521310816
3.6781922324682967406772604590515
3.6506262015276962351606471202103
3.6232774598849912806031170475762
3.5961439675068294086202058679191
3.5692237053182891415303856774699
3.5425146749684293112636623845901
3.5160148985986516834145731991157
3.4897224186139204071821495745098
3.4636352974567428120167278393637
3.4377516173838991164757317164913
3.4120694802459108352366001781775
3.386587007269156401889631524682
3.3613023388406411129381012869999
3.3362136342953587764270650950493
3.3113190717062530588066238124156
3.2866168476766790540466445236234
3.2621051771354028225857746292604
3.2377822931340562995217169373063
3.2136464466470333611880505486624
3.1896959063737750916800450795563
3.1659289585434744473957380250795
3.1423439067220764187027270963881
3.1189390716216403021121550409589
3.0957127909119219744127349258633
3.0726634190342765329262419982115
3.0497893270177476310323072539177
3.0270889022973608284416968672303
3.0045605485345761032078826247016
2.9822026854399039663690018642228
2.960013748597592808664558106102
2.9379921892924505399946610850748
2.9161364743386664066804314643377
2.8944450859107186957430712936912
2.8729165213762399844199535436928
2.8515492931308945578905422735261
2.8303419284351849505299014708726
2.8092929692532022656337176158559
2.788401020649612149782115011476
2.7676704637847699963515424315119
2.7471037998601572915902124805143
2.7266995104213096468015464779455
2.7064560921656188874351300910348
2.6863720567789854953844042029232
2.6664459307744006189011543028755
2.6466762553324030271539868408581
2.6270615861434087889847432961687
2.6076004932518790369044836552348
2.5882915609023111613851142465137
2.569133387386995703849379424355
2.5501245848955895745291400089627
2.5312637793664021224060434178682
2.5125496103394198144087567925453
2.4939807308110415462465425662231
2.4755558070904850609394998173229
2.4572735186578711363836191594601
2.4391325580239331394238888606196
2.4211316305913648250225378433242
2.4032694545177406553193577565253
2.3855447605800570443079777760431
2.3679562920407946080558758694679
2.3505028045155507143704198824707
2.3331830658421712776373624365078
2.3159958559514062237383313913597
2.2989399667390317816284550644923
2.2820142019394449306446404079907
2.2652173770007149045113692409359
2.2485483189610468990338176809018
2.2320058663266673093517056258861
2.2155888689511016309552360326052
2.1992961879158330340544580394635
2.183126695412309192789734879625
2.1670792746253111360488219361287
2.1511528196176219474011759302812
2.1353462352160410553381097997772
2.1196584368986499669063050532714
2.1040883506833965022053689608583
2.0886349130179167055132438690634
2.0732970706706050911805050418479
2.0580737806229314479367076273775
2.0429640099629589045093780441675
2.0279667357800659210909088869812
2.0130809450608624366907406511018
1.9983056345862728608864244961296
1.9836398108297776943231838231441
1.9690824898567929057691117122886
1.9546326972252030529375588230323
1.9402894678869690991973584459629
1.9260518460908842008905139664421
1.9119188852863830963002556018182
1.8978896480284495051904514184571
1.8839632058835755756831531471107
1.8701386393367740446080915717175
1.8564150376996304547816407648497
1.8427914990193767774684374671779
1.8292671299889773361968536846689
1.8158410458582172619657058021403
1.8025123703457817114781391865108
1.7892802355522985369162825008971
1.7761437818743668337617691577179
1.7631021661789747501103420290747
1.7501580168988233321414327292587
1.7373132997366353968970997811994
1.7245671165307281391676497150911
1.7119185776903400597603877031361
1.6993668021082974917135288706049
1.6869109170746339199098429162404
1.6745500581911665349821305426303
1.662283369287001821845706217573
1.6501100023349630774305296654347
1.6380291173689554007353308406891
1.6260398824022133101863119009067
1.6141414733464463093781660063541
1.6023330739318761839484750453266
1.5906138756281471557940676575527
1.5789830775660829154105613270076
1.5674398864603145131724204475177
1.5559835165327418060599029558944
1.5446131894368295700559201577562
1.5333281341827207366890206685639
1.5221275870631736371052511458402
1.511010791580292611513414158253
1.499976998373058423297266017471
1.4890254651456364953787669946905
1.4781554565964727387950006232131
1.4673662443481396699951346818125
1.4566571068779614606114591879304
1.4460273294493612983302455177181
1.4354762040439705828021033084951
1.4250030292944579901615043127094
1.414607110418089730430324379995
1.4042877591509896895161091379123
1.3940442936831241027562100498471
1.3838760385939692376666698692134
1.3737823247888760747059677669313
1.3637624894361171090650941550848
1.3538158759046035051198941800976
1.3439418337022681626535813848022
1.3341397184151140287156067643082
1.324408891646899455452057736693
1.3147487209594896917508322076173
1.3051585798138136684798382702866
1.2956378475114804782464261734276
1.2861859091369907126534144481411
1.2768021555005832912144114743569
1.2674859830816720407398179304437
1.2582367939728993366799159048242
1.2490539958247643959055039886152
1.2399370017908548646801136783324
1.2308852304736479510438584838994
1.2218981058708893172592979681212
1.2129750573225372978214409158682
1.2041155194582640053369004817796
1.1953189321455206517441638425225
1.1865847404381335561396326738759
1.1779123945254614813649141069618
1.1693013496820678920329328320804
1.1607510662179387761483440044685
1.1522611975445005150220367795555
1.1438342059362056613025515616755
1.1354705740326702656517454670393
1.1271697434111218605323756491998
1.1189311607551926108783391100587
1.1107542778055348176025063366978
1.1026385513109386860008953590295
1.0945834429799670139971112803323
1.0865884194330870382572129528853
1.0786529521552976618181673984509
1.070776517449247844382398398011
1.0629585963888428246093553752871
1.0551986747733215210587331966963
1.0474962430818210989968974899966
1.0398507964283931759297274766141
1.0322618345175040843741953722201
1.0247288615999734506800677991123
1.0172513864293790675219497643411
1.0098289222189080760472279507667
1.0024609865986486845201852702303
0.99514710157331742745867586563691
0.98788679348043273442669942596694
0.98067959294889839316766710908269
0.97352503485803010274679536451004
0.96642265829698670298597562577925
0.95937200652462439887102618740755
0.95237262692975932498740121445735
0.94542407099183234375772144630901
0.93852589424198107348473740785266
0.93167765622450282592126313829795
0.9248789204587155587944380386034
0.91812925440119941278283022256801
0.91142822940843160051116456088494
0.90477542069979244310218291502679
0.89817040732095176913674094976159
0.89161277210762657219333959801588
0.8851021016497016002944064894109
0.8786379862557182063298455432232
0.8722200199177213564283306368452
0.86584780027646179867417686182307
0.85952092858694695287624654156389
0.85323900968434374103566142366617
0.84700165195022436570582158310572
0.84080846727914937410730544797843
0.83465907104559255991205191094195
0.82855308207119326979750439932104
0.82249012259234000055130309192464
0.81646981822808262219126618219889
0.81049179794836245793732132369769
0.80455569404256166432531927057425
0.79866114208837435395338388843811
0.79280778092097670128879371986841
0.78699525260251801395128268268309
0.78122320239191289648061911066179
0.77549128329303018691831539399573
0.76980078858750689008161316451151
0.764152676686847165399285586318
0.7585465737442399491996525284776
0.75298210924821540324103352759266
0.74745891599159486329284618477686
0.74197663004075109505208729387959
0.73653489070516631187501843669452
0.73113334050729850144278998413938
0.72577162515274429299694247674779
0.72044939350069647776564352170681
0.71516629753469240782237648090813
0.70992199233365560484543266284163
0.70471613604321858836954106664052
0.69954838984733225260015387902968
0.6944184179401540202292153480812
0.68932588749821144258334015830769
0.68427046865284246734972839476541
0.67925183446290471334094718258712
0.67426966088775608376693071477348
0.66932362676049406147171794145834
0.66441341376146800801194558516727
0.65953870639204115189357935378212
0.65469919194861669886620347824646
0.64989456049691507466548046068056
0.64512450484650485371673767076572
0.64038872052557838099318132663029
0.63568690575598052472372501142672
0.63101876142847856954176677390933
0.62638399107826936429432862496469
0.6217823008607308299389160310966
0.61721339952740994494462256625411
0.61267699840223843743558518326608
0.60817281135798628710631419380661
0.60370055479294304490167633048259
0.59925994760782119730180284022936
0.59485071118288934677309498511022
0.59047256935532577148961763668922
0.58612524839678903365580708850757
0.58180847699120941118877681219601
0.57752198621279171586451184339239
0.57326550950423615926609954840387
0.56903878265516405488000373225077
0.5648415437807537964332027513592
0.56067353330058822269421625605901
0.5565344939176980476602807357267
0.55242417059780968280335855524754
0.54834231054879900568721495801583
0.5442886632003357538778232083132
0.54026298018372531650754808651982
0.53626501531194703531468803703319
0.53229452455988279790943806801806
0.52835186102272901909060465186485
0.52443822637329873259659507311881
0.52055343640855622489027609844925
0.51669724381351944675344611823675
0.51286940338861275456849853071617
0.50906967203088560047774535632925
0.50529780871540841413747102706111
0.501553574476841679263827700197
0.49783673239118186870655335951596
0.49414704755767902000229696568567
0.49048428708092339789459401799832
0.48684822005310024461977036480675
0.48323861753641500493827720674744
0.47965525254567925594884059137257
0.47609790003106267075594359994284
0.47256633686100796287732350720034
0.46906034180530281618715093827632
0.46557969551831318577583829210198
0.46212418052237136389948091164115
0.45869358119132414008944920169597
0.45528768373422767723468496114947
0.45190627617920275937990481907036
0.44854914835743381340549262858985
0.44521609188732180761860490747495
0.44190690015878247853819971169287
0.43862136831769382716572636127239
0.43535929325048494664684994859272
0.43212047356887089977206528601528
0.42890470959472892786834563594311
0.42571180334511360410232327922131
0.42254155851741564964285657879373
0.41939378047465142307359542428458
0.41626827623089751595486518453981
0.41316485443685241341071900933457
0.41008332536553654401600965684338
0.40702350089812561195756757115305
0.40398519450990966195291775875376
0.40096822125638598155461522765108
0.39797239775948528572868667652074
0.39499754219390925680244208706426
0.39204347427361591060801515595813
0.38911001523840854643410125390801
0.38619698784066719410290602354507
0.383304216332183145254930423107
0.38043152645113331722370730858529
0.37757874540916130934320449341612
0.37474570187858335934549813828198
0.37193222597970676535084066927084
0.36913814926827309692569656363048
0.36636402115923699662758394879347
0.36361051801614896472614191225148
0.36087745818732225311364913977741
0.35816465995978030711910378158791
0.35547194316921132406505989820289
0.35279912918651989972573801424005
0.35014604090450857087901681552466
0.34751250272467748558824496285524
0.34489834054414686415057644808257
0.34230338174269381301684234131244
0.33972745516991709191501058739959
0.33717039113250896198437089879008
0.33463202138164827026400871545775
0.33211217910050883084238648734754
0.32961069889187832870902639115229
0.32712741676589457417989592613594
0.32466217012788600726480581215583
0.32221479776633249469952602339617
0.31978513984092621358357177996368
0.3173730378707479982125505557633
0.31497833472254499476150613190839
0.31260087459911978235993501584744
0.31024050302782152366276591237693
0.30789706684914164291910765314242
0.30557041420541497522833651601104
0.30326039452961978115652641463384
0.30096685853428167822798400266038
0.29868965820047621573252172311186
0.29642864676693203573876189693692
0.29418367871923023493252458138159
0.29195460977910497879506124263571
0.28974129689383465446894660999533
0.28754359822573549720914343197364
0.28536137314174253587495400097396
0.28319448220309267894023719236429
0.28104278715509123376392608406604
0.27890615091697779082124952765298
0.27678443757187837226396709411347
0.27467751235685206045999962043425
0.27258524165302194797178003682347
0.27050749297579979035788255714579
0.26844413496519198281120566207392
0.26639503737619973922079452677281
0.26436007106929781951265567840892
0.26233910800100518345701061662112
0.26033202121453274946460965111328
0.25833875069408379632207584108983
0.25636004281997620823929651123763
0.25439604126399734118635365121008
0.25244661876975810210765871488547
0.25051164912520840211129780072952
0.24859100715393261937791180571367
0.24668456870652202828075871821056
0.24479221065202247387126988087402
0.24291381086945579292901697954221
0.24104924823941750733347078039515
0.23919840263574923544531714014738
0.23736115491727763360252367874637
0.23553738691963493900871640107653
0.23372698144714354473450157456682
0.23192982226477387719398848275887
0.23014579409017418831773227338999
0.22837478258576732192963731904456
0.22661667435091706335192895949149
0.22487135691416509919449140397774
0.22313871872553153741236542373372
0.2214186491488858432585828950323
0.2197110384543826400172150670187
0.21801577781096329045062987006531
0.21633275927892359202786565219867
0.21466187580254425526504746812861
0.21300302120278738482461733383388
0.2113560901700546335035824085935
0.20972097825701010997967443927337
0.20809758187146212837781433790951
0.20648579826931090508423949358985
0.20488552554755304346834066109295
0.203296662637350800117985727411
0.20171910929715664018146981106838
0.20015276610590174155568377045711
0.19859753445623914980266988550284
0.19705331654784957740034201378876
0.19552001538079974429784613221273
0.19399753474896402893890012819611
0.19248577923349610707681733856589
0.19098465419636376227963125984388
0.18949406577393307360424046237313
0.18801392087061249980273203163961
0.1865441271525481725657158449394
0.18508459304137581113991473102942
0.18363522770802473416118516524875
0.18219611268771665479881960436614
0.18076783324953304976645540591562
0.17935036087958436401557094086456
0.17794359789511701719355585282756
0.17654744741406647179360334121156
0.17516181334850719486517789391655
0.17378660039816440363580340999761
0.1724217140439772977256183139616
0.17106706054171794129104000603547
0.16972254691566585060868987966387
0.1683880809523354560308661120871
0.16706357119425610524565684045228
0.16574892693380779973288952078292
0.1644440582071065304337054158168
0.163148875787943209436647862276
0.16186329118177344987827837030636
0.16058721661975902672558902395394
0.15932056505285951963912793871714
0.15806325014597369382762792611175
0.15681518627213192340619229980803
0.15557628850673640985569079475681
0.15434647262185050009541953386361
0.15312565508053760376938612353115
0.15191375303124632356599477134296
0.15071068430224410228390752308769
0.14951636739609783233184714390518
0.14833072148420053948392194342887
0.14715366640134516784677032319451
0.1459851226403435231482319522911
0.14482501134669109599251157760591
0.14367325431327612750287414655759
0.14252977397513447166410571753659
0.14139449340424711798469559198566
0.14026733630438303901399876849609
0.13914822700598422633433415285253
0.13803709046109507996291654308152
0.1369338522383325151832167421162
0.13583843851790014523039928917569
0.13475077608664343120636885942076
0.13367079233314685393629872578458
0.13259841524287127589865065147023
0.13153357339333385245261354157265
0.13047619594932502451456457492895
0.12942634151884882531824416673771
0.12838450605569065587907573444681
0.12735068236305369104854889883427
0.12632479660119699804710080570658
0.12530677552734656443611527265602
0.12429654649093554996674981794058
0.12329403742888406236843934493663
0.12229917686091683337590296787312
0.12131189388492141789654965577938
0.12033211817234409912735770831205
0.11935977996362318043210848372837
0.11839481006366121829120885422526
0.11743713983733362893335794296945
0.11648670120503532010580727273918
0.11554342663826383530434327440162
0.11460724915523823330687491761637
0.11367810231655529895622436242775
0.11275592022088035126792249229766
0.11184063750067506359808788829469
0.11093218931795875703549825175287
0.11003051136010588706426460703369
0.10913553983567754468442245752158
0.10824721147028683321256181670833
0.107365463502500049775001400576
0.10649023367976924447919628846648
0.10562146025439916874333334817493
0.10475908197954797440587526580202
0.10390303810525949868015516130981
0.10305326837452924437776857757854
0.10220971301940168229904770669236
0.10137231275709986111355220828045
0.10054100878618722758606196521214
0.09971574278275989466902018421024
0.098896456896670953407024740045017
0.098083093747784746985196591140266
0.097275596422263091445081784058857
0.096473908468879765454317976036691
0.095677973895368084722434787181555
0.094887737164794760946762153253076
0.094103143191966248659596772085933
0.093324137339862889284347602369962
0.092550666593604141718643063541094
0.091783015630262906880965090294922
0.091021394954767784191140833627287
0.090265747940640378432775037254032
0.089516018412864870046341536635737
0.088772150644371911054619772585283
0.088034089352554745211421050044009
0.087301779695809961223673667518597
0.086575167270109346095985358715552
0.085854198105596260526262142320775
0.085138818663212115223082321335824
0.084428975831347910507851395323087
0.083724616922524183748599568843929
0.083025689670096339267679752538243
0.082332142224987733825081193117512
0.081643923152447644975282514678838
0.080960981428836661932813001385512
0.08028326643843652909993124922039
0.079610727970286704335833860568528
0.078943316215045106210013159397931
0.07828098176187535395254002423826
0.077623675595357363721227272890246
0.07697134909242443756571816493306
0.07632395401932304257464068086847
0.07568144252859827780799406582446
0.075043767156102558768537846844993
0.074410880818028851679812873953779
0.07378273680796722244767948950539
0.073159288793984533771919132050243
0.072540490815728164708531267024227
0.071926297281552628581913211291976
0.071316662965668478624259307707689
0.070711543005314375642811342004279
0.070110892897952303837172394196386
0.069514668498483436764878717895044
0.06892282601648827555784748710721
0.068335322013486549108662870821718
0.067752113400220817518437854687363
0.067173157433960239970360817096662
0.066598411715826505430371184957039
0.06602783418814064941848585021944
0.065461581869029172864316024060827
0.064899894945856226313729564481037
0.064342731659962432155808187417279
0.063790048457450801433488152270002
0.06324180212753495455846319828197
0.062697949799927599201510020066053
0.062158448942251309787820900965016
0.061623257357467896289104913876145
0.06109233318132965134816814156693
0.060565634879848978533445347238739
0.060043121246789177281044658229803
0.05952475140117387958360595234808
0.059010484784816699677101325960393
0.058500281159869410574358994381328
0.05799410060639022257422681150274
0.057491903519930505350732374836298
0.05699365060914035607808614258829
0.056499302893393089919360505746226
0.056008821700428146339589829949546
0.055522168664012223893156061649279
0.055039305721619344313744193186722
0.05456019511212767403307566382864
0.054084799373536031341647145609386
0.053613081340696512600008105664529
0.053145004143066019997032611854593
0.052680531202474338570151957128473
0.052219626230910490272130175526399
0.05176225322832540831630154798404
0.051308376480452368151308206734029
0.050857960556643960758904654539947
0.05041097030772588583058535505188
0.049967370863867974217775724810053
0.049527127632470580032020279759308
0.049090206296068590596792802216441
0.048656572810250785232621950626708
0.048226193401595847387586246668434
0.047799034565624197445909970838329
0.04737506306476539641447942585728
0.046954245926341967032335844578483
0.046536751492256916984402437265089
0.046122756803618727983185010543821
0.045712225524033631152143186682224
0.045305121566764361418222506472375
0.044901409131461247903338573905785
0.044501052702008783712450679104222
0.044104017044390653179419814478024
0.043710267204569865084895496920581
0.043319768506386018003251336949688
0.042932486549468094894077552226008
0.042548387207163959611300185770233
0.04216743662448486917870837942246
0.041789601216067000233334027825549
0.041414847664146971217835613288116
0.041043142916554684052066193089559
0.040674454184720175431433375479173
0.040308748941696143086588222104183
0.039945994920196188637806500310035
0.039586160110647160281782674928763
0.039229212759256990028511324908322
0.038875121366097296904396074523902
0.03852385468320017325449811096405
0.038175381712670389267039183778252
0.037829671704810857724154971037933
0.037486694156263614119417582060123
0.037146418808164008429351099493942
0.036808815644309836323522233669792
0.036473854889343459984019091280061
0.036141507006948868363505056322538
0.035811742698061602152570515045227
0.035484532899092723068346089121405
0.035159848780166307047334584012788
0.034837661743370412770204325170198
0.034517943421020998162607185122397
0.034200665673939374678003133567472
0.033885800589742803845538787754776
0.033573320481147875260496959981538
0.033263204646436103639750569982425
0.032955658294627522553188470055829
0.032650767707130670669535277284012
0.032348504553865974064930099984849
0.032048840726725848215838965415969
0.031751748337941552990937310596564
0.031457199718461940907143770118637
0.031165167416344483758416927798862
0.030875624195158747620215677898159
0.030588543032401018656463165257264
0.030303897117921869963641512413233
0.030021659852364480230990650966305
0.029741804845615581187612264102427
0.029464305915267149926783929458907
0.029189137085090393480824033645149
0.02891627258352050602874250273544
0.028645686842153336715277589519246
0.028377354494252850919400188445252
0.028111250373269870694858951765127
0.027847349511372035402168023665581
0.027585627137984687629046476331496
0.027326058678342333985167300625108
0.027068619752051666094150306207666
0.026813286171664275220338780059137
0.026560033941260958317842622022908
0.026308839255046057720166530202732
0.02605967849595238958193554879017
0.025812528234256521680878293523165
0.025567365226204660788589251296798
0.025324166412648188573264462775114
0.025082908917689990951904732696676
0.024843570047340394341128799737817
0.024606127288183340245941721491363
0.024370558306052357566695576451821
0.024136840944716419360416281847392
0.023904953224575586911981872617616
0.023674873341366264173357691902311
0.023446607513020977647810738631051
0.023220348092105977388932558369561
0.02299611735383702212920375984595
0.022773892724349448918319538393007
0.022553651805332176893958973096233
0.0223353723727595203374374221994
0.022119032375632487197325559691308
0.021904609934728553471972034571991
0.021692083341361571846572786625984
0.021481431056149965369561627426265
0.021272631707794528027610780895884
0.021065664091864874651882644229772
0.020860507169594904447462724306206
0.02065714006668699018187673743796
0.020455542072125139363425461169754
0.020255692636996513317226842332275
0.020057571373322015395590511843693
0.019861158052894803405230561565986
0.019666432606128134846779076383427
0.019473375120910789426442732974465
0.019281965841471449679689342815436
0.019092185167251040506242176775231
0.018904013651783624361257807322545
0.01871743200158499861873728775663
0.018532421075049963082870263519908
0.01834896188135709538258311113168
0.018167035579382043858354123244681
0.017986623476618154859885123642016
0.017807707028105541208207185377432
0.017630267835367550988134865974644
0.017454287645355125863089185145327
0.01727974834939884768436613171616
0.017106631982168728906001931022729
0.016934920720641146590912384795047
0.016764596883073943495157109850879
0.016595642927988318859888750012033
0.016428090741063581387004788325612
0.016262097812421435344409914591779
0.016097661163605114786889771494316
0.015934762422615000171388643934733
0.015773383359849520168882719417525
0.015613505887092406221317020253991
0.015455112056507692638862572209746
0.015298184059641508139582022351988
0.015142704226431527927965170476909
0.014988655024222917108711605749249
0.014836019056792095968666522765034
0.014684779063376913327276795939724
0.014534917917713932253298558805454
0.014386418627082980803422174176376
0.014239264331358043175201899543936
0.01409343830206531700266481266226
0.013948923941447919847003156235132
0.013805704781537288250437001124737
0.013663764483231116697581342123158
0.01352308683537833261523175565344
0.013383655753869981575032710452433
0.013245455280737285577719042350964
0.013108469583255608070793130082166
0.012972682953055165305800144892601
0.012838079805237998312628100450183
0.012704644677501274879771742121193
0.012572362229266827865492572868789
0.012441217240816950656556727494717
0.012311194612436330078630852824517
0.012182279363560147983358561418754
0.01205445663192821446896285664252
0.011927711672745349574809026194089
0.011802029857847218946576006715077
0.011677396674872891554897158528092
0.011553797726442622401110682517356
0.011431271099727970466664039861371
0.011309941579121527213680487022884
0.011189802020872599216949616618422
0.011070837867953414040966819698042
0.010953034675018414809133382448181
0.010836378107624606084713470011138
0.010720853941457423111338620458355
0.010606448061561912776795679747011
0.010493146461579656511520219908107
0.010380935242990625005932159297117
0.010269800614360757515242106308051
0.01015972889059470196659873408862
0.010050706492193644744914671207425
0.0099427199445185632242782958201133
0.0098357558770587223684334077233871
0.0097298010227050441695029192601396
0.0096248422170287541155264676717707
0.009520866397565131214464351216975
0.009417860603102129121722008164852
0.0093158119729742274589545658614043
0.0092147077463609096403818199405578
0.0091145352615904003806823752142918
0.0090152819554480366492921206145184
0.0089169353624896779964004167595704
0.0088194831143596844058585304537701
0.008722912939113947397573589626063
0.0086272126605475007998791170393815
0.0085323701975268759906123605674111
0.0084383735633270402776151541957006
0.0083452108649732115869257498275147
0.0082528703025869631221267397336305
0.0081613401687372182091717576213341
0.0080706088477954917442813709271832
0.0079806648152958310077353942801892
0.0078915308979459943689027667801383
0.0078033208994981451134265171276638
0.0077160337481331177020282829914777
0.0076296567883669154375159138226081
0.0075441774625353277480832581147752
0.0074595833101180567675791976967048
0.0073758619670674391982645445864364
0.0072930011651418389165280053987317
0.0072109887312436435347073881985125
0.0071298125867619282364229249537857
0.0070494607469195752491586404175905
0.0069699213201250033444811293747989
0.0068911825073282410858421798138806
0.0068132326013817627596846904225458
0.0067360599864052482510512476210351
0.0066596531371553363207183018346313
0.006584000618399196876062706706989
0.0065090910842928268939533431591826
0.0064349132777633795757243895252486
0.0063614560298959213838210224878367
0.0062887082593243697620222221189579
0.0062166589716265950593676592461634
0.0061452972587238202314963153582994
0.0060746122982839774462338056082444
0.0060045933531293789464644561348905
0.0059352297706483847158920319486697
0.0058665109822110426615604517053271
0.0057984265025889181535689864688266
0.0057309659293788093453736465221482
0.0056641189424304809810206684517198
0.0055978753032783282184148276883207
0.005532224854576919294280035188649
0.0054671575195405115732416589935383
0.0054026701125468954561847922946072
0.0053388572140379321473435680900366
0.0052757444068033320858090995386647
0.0052133218347703690759287198375205
0.0051515797170737847796018193946566
0.0050905083475455805211429272105761
0.0050300980942082004765403269175295
0.0049703393987712129326039800503167
0.00491122277613130226586735105343
0.004852738813875896901894879675865
0.0047948781717898365101193647319633
0.0047376315813656760464467332383265
0.0046809898453171626050983711309073
0.0046249438370960654909325171502132
0.0045694845004122484899422573789707
0.004514602848757023369208329910407
0.0044602899649297507791989580994141
0.0044065370005676209042011493011159
0.0043533351756786025851808652475938
0.0043006757781776320387345791118605
0.0042485501634258165254420802625646
0.0041969497537729140435036612188924
0.0041458660381027759300742729919875
0.0040952905713819518634943861457032
0.0040452149742112490996004403598363
0.003995630932380492272848471202451
0.0039465301964260821737662254804491
0.0038979045811917273356428381703154
0.003849745965392047455932988953009
0.0038020462911791067656119835760364
0.0037547975637119653836981658656669
0.0037079918507290907971063464998451
0.0036616212821235600768932094695174
0.0036157065807663050539810800643181
0.0035703240822540791357675438177921
0.0035254712383772442325924334483034
0.0034811400323873967731225231858616
0.0034373225084478324815873140352096
0.0033940107712262194278318716555987
0.0033511969854900683189746768420036
0.0033088733757047745186186116228555
0.0032670322256344508024539230461869
0.0032256658779453877862464228343242
0.003184766733812110801188355324598
0.0031443272525261984490230204869476
0.0031043399511075388773340133496959
0.0030647974039183277852882447689353
0.0030256922422795076189905305596994
0.0029870171540899324510998091852798
0.0029487648834478443794770985419973
0.002910928230275089054202020122375
0.002873500049943676117047974827301
0.0028364732529049503997886638728687
0.0027998408043210997950267504563726
0.0027635957236992097010852553751192
0.0027277310845277430439992372157576
0.0026922400139153999064356437287415
0.0026571156922323702076482732081786
0.0026223513527540614001520857812011
0.0025879402813070379388293851263825
0.002553875815917509492503079115977
0.0025201513464619433244062740584468
0.0024867603143201542914564328157212
0.0024536962120306326368135430016082
0.0024209525829481585816604916061578
0.0023885511158409406147484776994361
0.0023565524420064093771842728131105
0.0023249529603275400670148176374141
0.0022937462186012756888697783352882
0.0022629258133474703697241015021291
0.002232485389487864468199829204309
0.0022024186400271777812320816991587
0.0021727193057362631685436316075766
0.002143381174837311921310689655229
0.0021143980826912596275579669935496
0.0020857639114870330128426179072676
0.0020574725899330371763074065682986
0.0020295180929505197975348806949114
0.002001894441369040864020512060506
0.0019745957016238636048954813162482
0.0019476159854553767858398316548119
0.0019209494496104575090439370299578
0.0018945902955458447745190619926348
0.0018685327691333223579933653368812
0.001842771160367016533565553970675
0.0018172998030724343745262450156019
0.001792113074617531680646220770825
0.0017672053956255821989540510941197
0.001742571229689980627508560928618
0.0017182050830908766198001913494409
0.001694101504513683374708588047497
0.001670255084769407902950399957831
0.0016466604565168053552620675006324
0.0016233122939863645680519388392327
0.0016002053127060662796043999378526
0.0015773342692289753826789810986497
0.0015547020973108781425470192871785
0.0015323631820035774845495391005556
0.0015103243227857149951626203332467
0.0014885803930078270011783114767923
0.001467126304420469972214502440977
0.001445957006924967428590500517771
0.0014250674883257579989709329382208
0.0014044527740843877790244409453635
0.0013841079270749980217186658748574
0.0013640280473414881368121598370635
0.0013442082718561623125991255633949
0.0013246437742800117650515678846546
0.0013053297647244539378408312302327
0.0012862614895146967045752584013485
0.0012674342309545441262463860709886
0.0012488433070927732176230717797694
0.0012304840714910036600371334714055
0.0012123519129930398607192243431996
0.001194442255495713114260558640467
0.0011767505577212102052531150775394
0.001159272312990831639914479644915
0.0011420030490002510640407118458484
0.0011249383275961644113039028525236
0.0011080737445544385031542811148597
0.0010914049293596131667144488730514
0.0010749275449858921790968757647988
0.0010586372876794734182448465276138
0.0010425298867423357478123602248843
0.0010266011043173681443335665264271
0.0010108467351749082872164331448062
0.00099526260650063488356897867248563
0.0009798630743191618069215520492321
0.0009646900863443879465750074864161
0.00094974144022043328026982944578549
0.00093501276129469919513870213023665
0.00092049970774075735423930266776438
0.00090619797034760226142613426247863
0.00089210327231023522649017154506623
0.00087821136902157929688544912849579
0.00086451804786571886766999295304004
0.00085101912801244770662850713804914
0.00083771046021313157452919950785031
0.00082458792659786646697672729544593
0.00081164744047391328748281003058196
0.00079888494612543388840447677878842
0.00078629641861446733074741954894193
0.0007738778635832127160074089822217
0.00076162531705751559084338619953769
0.00074953484525164314287298816807947
0.00073760254437427402816190857848255
0.00072582454043573210386575134123177
0.00071419698905642644420899145529802
0.00070271607527652235961057591850931
0.0006913780133668005929703515022311
0.00068017904664073678550062496128703
0.00066911544726774743567510039810031
0.00065818351608763585314232358314257
0.00064737958242620005210737899048468
0.00063670000391202415980507200998773
0.00062614116629440747831270019929661
0.00061569948326246361734737089221881
0.00060538131304426769617454962002512
0.00059522416421728017391773457589466
0.00058522914138363769757933408044437
0.00057539291949001850415279513129008
0.00056571219818755654265562959892577
0.00055618370167558994331818977840953
0.0005468041785463748603868250341975
0.00053757040163079927459072182571731
0.00052847916784501890955644265446267
0.00051952729803809213210419315487343
0.00051071163684054618221025423352444
0.00050202905251389522405663923265706
0.00049347643680109287093321634998233
0.00048505070477793279072956100783642
0.00047674879470535765600691657795096
0.00046856766788271031996815363385167
0.00046050430850188238656589545527709
0.00045255572350239638710137080046536
0.00044471894242735781222625179864849
0.00043699101728034232252836921439609
0.00042936902238315270610019558361614
0.00042185005423446596609093894869602
0.00041443123136937189349496279966445
0.00040710969421977233383483363304833
0.00039988260497566207284092509866014
0.00039274714744726439870359246953058
0.00038570052692803771235072196610361
0.00037873997005852076810569761811109
0.00037186272469103568089413003328048
0.00036506605975522625701437662293358
0.00035836801852405427435202533992253
0.00035178779153743330648448917052917
0.00034532280914710956985086420800712
0.0003389705172867200390351971606151
0.00033272838073060336536515557703808
0.00032659388297625224946429955963367
0.00032056452612750843808239742394051
0.00031463783077846022972340334078467
0.0003088113358980665583593261391826
0.00030308259871548206805871861213575
0.0002974491946061021520678058216447
0.00029190871697828550982919959544404
0.00028645877716080301103596106315763
0.00028109700429095052509609331536922
0.00027582104520337065618751370976725
0.00027062856431954494893649121323165
0.00026551724353797618877887076749289
0.00026048478212503005987249471431255
0.00025552889660646765663393198408926
0.0002506473206596242339801172693825
0.00024583780500626482498627289885462
0.00024109811730608807591770548217625
0.00023642604205088987249366860865507
0.0002318193804593736385370045249843
0.0002272759503726057620214690002669
0.00022279358615011292301527623394009
0.00021837013856661782696885754084803
0.00021400347470940553709119191783117
0.00020969147787632029739449124328132
0.00020544494977441766256180677441279
0.00020128185842037716614914832913286
0.00019720044468391737012627484837424
0.00019319873533810087815228151431057
0.00018927477161728573627243188415292
0.00018542660912807611378431971171921
0.00018165231776080492079490646961659
0.00017794998160156508628694516094271
0.00017431769884476865290802438668294
0.00017075358170623208928402825268478
0.00016725575633679860766862834697832
0.00016382236273647246896367768442815
0.00016045155466908812467129175072245
0.0001571414995774785255261418726036
0.00015389037849917620707530796497764
0.00015069638598260660304443969703669
0.00014755773000380798280414818002271
0.00014447263188363795166635483724349
0.00014143932620549096276958700446613
0.00013845606073351515827481172937752
0.00013552109633131683048834492666401
0.00013263270688116028206242347220467
0.00012978917920366064581855214399297
0.0001269888129779531572155493179821
0.00012422992066235546775553044707152
0.00012151082741549922819519757855034
0.00011882987101794769248599981104064
0.00011618540179427811918563828719186
0.0001135766690070843073145576140881
0.00011102037085788462147158822679316
0.00010852217171933921683810164715567
0.00010608047067396853728807326611161
0.00010369367850308783230925402385481
0.00010136021761556316159950258404265
9.9078521977003018543495027614654e-05
9.68470370393618285422346336766e-05
9.4664219670976545452888151199744e-05
9.252853808701111133338396141923e-05
9.0438471780325340679956847012022e-05
8.8392511452753971899071183671026e-05
8.6389158946796604297661825722088e-05
8.4426927177715715218571379541146e-05
8.2504340066042784426238176909152e-05
8.0619932470485356455769387906685e-05
7.8772250121235583026485516100479e-05
7.6959849553679242632926726930265e-05
7.5181298042497539477896362214437e-05
7.3435173536164798828787536599805e-05
7.1720064591836217657988550300274e-05
7.0034570310625128466280875372263e-05
6.8377300273263948702552605940497e-05
6.6746874476154846654411822992614e-05
6.5141923267793725251841030488009e-05
6.3561087285581211836320292274394e-05
6.2003017393004810991173625378536e-05
6.0466374617200270634269354541601e-05
5.8949916069607215978517350540855e-05
5.7463977912350925128515122253248e-05
5.6015619778464815126019921143197e-05
5.4603770334331675124529825726682e-05
5.3227365982611651938193747524153e-05
5.188535081580606072963746111526e-05
5.0576676570088864885385571135146e-05
4.9300302579416246972262433123646e-05
4.8055195729900365881909901633051e-05
4.6840330414460310589491731647627e-05
4.5654688487730152128812183276452e-05
4.4497259221243060545603748012766e-05
4.3367039258871381654947968486979e-05
4.2263032572534349104974304989213e-05
4.118425041816289465697320526516e-05
4.0129711291927851830787371545384e-05
3.9098440886720920957927288830192e-05
3.808947204889682531430208922707e-05
3.7101844735264962501630064961589e-05
3.6134605970339488969188257438958e-05
3.5186809803835742045414330947395e-05
3.425751726842020264754418157338e-05
3.3345796337706903921319079309171e-05
3.2450721884501959547866117850035e-05
3.1571375639292708389482128295001e-05
3.0706846148981489026848212819942e-05
2.9856228735860937270824369549338e-05
2.9018625456831165790793844450057e-05
2.8194057409646753654692413748606e-05
2.7391738356715855125635486477798e-05
2.6613663284739968875949878146514e-05
2.5859056838655026475679368780369e-05
2.512714922904996998052375156707e-05
2.4417176199157278278012092598281e-05
2.372837899203447903449110123475e-05
2.3060004317937743997628252667909e-05
2.2411304321884149029454544321815e-05
2.1781536551403456067289507447349e-05
2.1169963924476774269753040491615e-05
2.0575854697661670055126859057992e-05
1.9998482434403597283057579803156e-05
1.9437125973529253172671082960932e-05
1.8891069397925044800979829662246e-05
1.8359602003396664797940304736379e-05
1.7842018267709257853996865361701e-05
1.7337617819807764688033735467343e-05
1.6845705409215884935112197973162e-05
1.6365590875612032650734256611358e-05
1.5896589118583375410068830868582e-05
1.5438020067553054375441776158162e-05
1.4989208651884173363654298438696e-05
1.4549484771155539089950228803794e-05
1.4118183265610275754320217245219e-05
1.3694643886776184028191208352787e-05
1.327821126825568281341980597654e-05
1.2868245524310224398869227646625e-05
1.2468444126585512480155475134591e-05
1.2081953010865157879544923291704e-05
1.1708472869820415307841668384192e-05
1.1347706452665245178447472884642e-05
1.0999358553267808087162450692009e-05
1.066313599832873598141549237317e-05
1.0338747635627843591632837871863e-05
1.0025904322337154072047188391181e-05
9.7243189134006725318163516513792e-06
9.4337062499802484648184566773388e-06
9.1537831479674813383445863834709e-06
8.8842683865607596273034768374899e-06
8.6248826969075603488803713481126e-06
8.3753487508111823934935091795495e-06
8.1353911495020220722654974432331e-06
7.9047364124722558568602454043273e-06
7.6831129663745469516710623336664e-06
7.4702511339835331010262968465252e-06
7.2658831232203717641533226301309e-06
7.0697430162391119190285100615245e-06
6.8815667585759885557469307804102e-06
6.7010921483593867517720987780905e-06
6.5280588255819152850760803130648e-06
6.362208261432785604992320993567e-06
6.2032837476913508170249696160869e-06
6.0510303861802867985732190536652e-06
5.9052882952017255781002741388264e-06
5.7716242999171572030324937896406e-06
5.6527495148108137534045773697766e-06
5.547727254807972259778841433997e-06
5.4556275965770078013460271659785e-06
5.3755273390937366852302542463704e-06
5.3065099644299599295697682233008e-06
5.2476655987651406358928882212034e-06
5.1980909736195737009373761539077e-06
5.156889387308083944419252048208e-06
5.1231706666126526075136921045683e-06
5.0960511286729523943795153173575e-06
5.074653543093345171486295563934e-06
5.0581070942651429260907870733011e-06
5.0455473439028427997169422292156e-06
5.0361161937931207043602117867653e-06
5.0289618487552909491386174400951e-06
5.0232387798120299376384428891029e-06
5.0181076875691230326868158551079e-06
5.0127354658030148611071348530022e-06
5.006295165254927237387296695692e-06
4.9979659576303868122218281022651e-06
4.9869330998028952846388289765756e-06
4.9723878982206240942213516798009e-06
4.953527673514871514331807389464e-06
4.9295557253091852386727052259818e-06
4.8996812972278960053888405279388e-06
4.8645212427427703363760728982879e-06
4.8292230722128628875398220765547e-06
4.7943267253177553597655313755155e-06
4.7598082303614257175636455265977e-06
4.7256437862617250593227566368704e-06
4.691809761569045902202240022616e-06
4.6582826934905766493120321536381e-06
4.625039286919995702479675714347e-06
4.5920564134725916680774757128169e-06
4.5593111105258274436016589781229e-06
4.5267805802652448469839720213148e-06
4.4944421887357512932501327207468e-06
4.4622734648982046622633576560268e-06
4.4302520996912463826090770868671e-06
4.3983559450984852226074553471769e-06
4.3665630132207768315365931099947e-06
4.33485147535382180073153940425e-06
4.30319966107082474654314807605e-06
4.2715860573103677281202317228548e-06
4.2399893074693285934255622404709e-06
4.2083882105008950754625532408859e-06
4.1767617200176526158559957291327e-06
4.1450889433996349544707567258417e-06
4.1133491409074060947371684338059e-06
4.0815217248000813180918572298239e-06
4.0495862584582872475340124818199e-06
4.0175515616468725210719270535265e-06
3.9856216509417998210447475759821e-06
3.9538287472446615917229077730166e-06
3.9221593187252867091473207405983e-06
3.8905999300425210820036751868667e-06
3.8591372417937680442561777793831e-06
3.8277580099674256004609051995402e-06
3.7964490853984970800160444331928e-06
3.7651974132271363370578955848123e-06
3.7339900323602210931433088153542e-06
3.7028140749359247765654015033254e-06
3.6716567657912580591823489828407e-06
3.6405054219325123281234685146401e-06
3.60934745200873257083115826227e-06
3.578170355787994786191195256686e-06
3.5469617236366912096587333813602e-06
3.5157092360016154057914504471594e-06
3.4844006628949878356590885708499e-06
3.4530238633822563041881996415139e-06
3.4215667850728178241419708688342e-06
3.3900174636134776670691026029258e-06
3.3583640221847989141851914540737e-06
3.3265946710001315959827523915937e-06
3.2946977068075276730925362439484e-06
3.2626615123943241709286982449312e-06
3.2304745560945270287740629239215e-06
3.1986442934726920458998484370072e-06
3.1689513839509477944223099499244e-06
3.1412688186962874108609442003193e-06
3.1152834994362558698613799301746e-06
3.0906845418221463187913918696514e-06
3.0671632629494790126607924041213e-06
3.0444131689468463957965859573163e-06
3.0221299426327507887436469441456e-06
3.0000114312400153990820304145126e-06
2.9777576342074112082571740733883e-06
2.9550706910381325456403569379438e-06
2.9316548692247173151035743304815e-06
2.9072165522400556967545087738714e-06
2.8814642275940968416429125570355e-06
2.8541084749559240636219200476509e-06
2.8248619543407665415611900588955e-06
2.7934393943616455646661821121679e-06
2.7595575805452385806935174800136e-06
2.7229353437116633149814651226883e-06
2.6832935484177258330534560776259e-06
2.6403550814634093536130247936722e-06
2.5938448404610680635910390651189e-06
2.5434897224672179385444436422459e-06
2.4890186126762757411689207243111e-06
2.4301623731762038462781046199712e-06
2.3666823280047637016731965076133e-06
2.2999260963910340320806580116653e-06
2.2307592857869091711479556106035e-06
2.1591931840344368220211811876252e-06
2.0852390335517369223652852511242e-06
2.008908031521416923700744383563e-06
1.9302113300778922806559025071582e-06
1.8491600364941525571553342099929e-06
1.7657652133673946260412554454255e-06
1.680037878804106779586876631305e-06
1.5919890066041560939890742512604e-06
1.5016295264441085937690868734595e-06
1.4089703240597872982789191126374e-06
1.3140222414278754503179531820667e-06
1.2167960769468755761931735501213e-06
1.1173025856171766200859328185824e-06
1.0155524792203498549202425604854e-06
9.1155642649760739528358487529514e-07
8.0532505332752389756273110957285e-07
6.9686894290299603630615011412575e-07
5.8619863590723975115833561597145e-07
4.7332463068931791990399948755197e-07
3.582573834385443364286137797603e-07
2.4100730835837893951500814082589e-07
1.215847778394316718118800925777e-07
1.2263173107801713296357804869001e-13

