119172636.34723755717277526855469
77920803.627191632986068725585938
45026222.145254686474800109863281
26743150.558394521474838256835938
16684317.126584006473422050476074
11069323.064649352803826332092285
7718177.5311850365251302719116211
5595083.184027579613029956817627
4190415.5949611477553844451904297
3225004.1640044031664729118347168
2537430.1585016595199704170227051
2034415.8547915485687553882598877
1657913.4534944773185998201370239
1370047.3227246834430843591690063
1145908.3686039575841277837753296
968869.41170322638936340808868408
827083.57576396525837481021881104
712038.56530699715949594974517822
617619.42407933331560343503952026
539371.02021221513859927654266357
473992.00349406967870891094207764
418902.81768196937628090381622314
372134.61757606011815369129180908
332159.7778420706163160502910614
297777.55365548410918563604354858
268034.87997277796966955065727234
242168.44891368047683499753475189
219561.82568114454625174403190613
199713.16720212003565393388271332
182208.63614196455455385148525238
166708.59091098574572242796421051
152931.92990098238806240260601044
140643.87413467984879389405250549
129647.25289524316031020134687424
119775.62162824795814231038093567
110887.78840406694507692009210587
102863.43164884737052489072084427
95599.569532198554952628910541534
89007.698617260291939601302146912
83011.461886250719544477760791779
77544.717075581662356853485107422
72549.858533242717385292053222656
67976.687387960555497556924819946
63781.325881363860389683395624161
59925.296651560049213003367185593
56374.75897585141501622274518013
53099.866514774694223888218402863
50074.225165512631065212190151215
47274.433748310810187831521034241
44679.739952483054366894066333771
42271.792946655114064924418926239
40033.987837513952399604022502899
37951.446032865118468180298805237
36010.833295245298359077423810959
34200.17498283091845223680138588
32508.696224666950001846998929977
30926.683295796126913046464323997
29445.488887050963967340067028999
28057.265171801780525129288434982
26754.755533064519113395363092422
25531.377587469185527879744768143
24381.150891321991366567090153694
23298.633353779496246716007590294
22278.878499180449580308049917221
21317.562853130086296005174517632
20410.601733917636011028662323952
19554.187790393141767708584666252
18744.830790734453330514952540398
17979.327109419482439989224076271
17254.73253462096909061074256897
16568.337993940476735588163137436
15917.647849894430692074820399284
15300.360462321585146128199994564
14714.350754104063526028767228127
14157.65455029125951114110648632
13628.45448972542362753301858902
13125.067333294591662706807255745
12645.932514571575666195712983608
12189.601797334791626781225204468
11754.729920725050760665908455849
11340.066126927251389133743941784
10944.446478575569926761090755463
10566.786883820699586067348718643
10206.076756383354222634807229042
9861.3732461346717173000797629356
9531.7959829481806082185357809067
9216.5222828948426467832177877426
8914.7827714176437439164146780968
8625.8573830238910886691883206367
8349.0722487311413715360686182976
8083.8567781435349388630129396915
7829.6519270181015599519014358521
7585.8906130162040426512248814106
7352.0405362942501596990041434765
7127.6017104430911786039359867573
6912.1041920709640180575661361217
6705.1059912036062087281607091427
6506.1911464371314650634303689003
6314.9679503517363627906888723373
6131.0673120985456989728845655918
5954.1412453280518093379214406013
5783.8614707530632585985586047173
5619.9181236469830764690414071083
5462.0185574828083190368488430977
5309.8862357304587931139394640923
5163.2597045607608379214070737362
5021.8916398618957828148268163204
4885.5479625666339416056871414185
4754.0070168231650313828140497208
4627.0588060246836903388611972332
4504.5042821489960260805673897266
4386.1546842537572956643998622894
4271.8309223299447694444097578526
4161.3630030397898735827766358852
4054.5894941588171604962553828955
3951.3570248079568045795895159245
3851.5198188038552871148567646742
3754.9392586754220246803015470505
3661.483478095013651909539476037
3571.0269806550786597654223442078
3483.4502830872656886640470474958
3398.6395811727597902063280344009
3316.4864367310524357890244573355
3236.887484200826293090358376503
3159.7441554423521665739826858044
3084.962421496608385496074333787
3012.452594674649844819214195013
2942.1446395724447029351722449064
2873.9676257719765999354422092438
2807.8410370728638554282952100039
2743.6879875352165072399657219648
2681.4350318853807948471512645483
2621.0119871517676983785349875689
2562.3517647882076744281221181154
2505.3902125963873004366178065538
2450.0659658087338357290718704462
2396.3203067390331852948293089867
2344.0970324504050950054079294205
2293.3423299291339390038046985865
2244.0046582890149693412240594625
2196.0346375639064717688597738743
2149.3849436770206011715345084667
2104.0102092037286638515070080757
2059.8669295709391917625907808542
2016.9133743603690618328982964158
1975.109503405454233870841562748
1934.4168873924973013345152139664
1894.7986326958857716817874461412
1856.2193101951372682378860190511
1818.6448878380715541425161063671
1782.0426667298343090806156396866
1746.3812205417791574291186407208
1711.6303380474876121297711506486
1677.7609686055873225996037945151
1644.7451704204570432921173051
1612.558039701993266135104931891
1581.1807546447394088318105787039
1550.5886075764117322250967845321
1520.7571537659259774954989552498
1491.6628562225610039604362100363
1463.283046643976376799400895834
1435.5958882706765962211648002267
1408.580340542950580129399895668
1382.2161254625470974133349955082
1356.4836955672381009208038449287
1331.3642034318497735512210056186
1306.8394726144672404188895598054
1282.8919699712980673211859539151
1259.5047792681416467530652880669
1236.6615760206098002527141943574
1214.3466034991670312592759728432
1192.5446498387038900546031072736
1171.2410261958398223214317113161
1150.4215459003501109691569581628
1130.072504550149915303336456418
1110.1806610021008054900448769331
1090.7332192135854711523279547691
1071.717810892279885592870414257
1053.1224789139216682087862864137
1034.9366164630268940527457743883
1017.1519858958055237962980754673
999.75774212757744408008875325322
982.74316789871897981356596574187
966.09789732984972943086177110672
949.81190257886294148192973807454
933.87548107251325291144894436002
918.27924328494009387213736772537
903.01410103696196074452018365264
888.07125629137033229199005290866
873.44219042074860226421151310205
859.11865392555296239152085036039
845.09265658137383070425130426884
831.356457995368373303790576756
817.90255855288273778569418936968
804.72369073626782665087375789881
791.81281079879386197717394679785
779.16309077744358546624425798655
766.76791082918202846485655754805
754.62085187606203362520318478346
742.71568854527663461340125650167
731.04682620931441761058522388339
719.61049430034279339452041313052
708.40121140289102186216041445732
697.41338761081965458288323134184
686.64159686454968323232606053352
676.08057139227173593098996207118
665.72519636509798601764487102628
655.57050475695439217815874144435
645.61167240045551807270385324955
635.84401323040367515204707160592
626.26297470696601976669626310468
616.86413341093418694072170183063
607.64319080384916560433339327574
598.59596914608425777259981259704
589.71840756631706881307763978839
581.00655827611285531020257622004
572.45658292363430064142448827624
564.06474908076097563025541603565
555.82742685816492667072452604771
547.74108564313451097405049949884
539.80229095516767756635090336204
532.00770141458872330986196175218
524.35406581964332417555851861835
516.83822032773468890809454023838
509.45708573665501717186998575926
502.20766486184425048122648149729
495.08704000588863891607616096735
488.0923705166309787273348774761
481.22089043042467437771847471595
474.46990619721339044190244749188
467.83679448425868940830696374178
461.31900005548129684029845520854
454.91403372349924438822199590504
448.61947037158290640945779159665
442.43294704285403895482886582613
436.35216109417808638681890442967
430.37486841229588208079803735018
424.49952735761826261295937001705
418.72483521762359259810182265937
413.04866435976470029345364309847
407.46893636688588458127924241126
401.98362492601887652199366129935
396.59075431827903912562760524452
391.28839795837933479560888372362
386.07467698193630667446996085346
380.94775887882650522442418150604
375.90585617091068115769303403795
370.94722513252253293103422038257
366.07016455217330985760781913996
361.27301453399007868938497267663
356.55415533746423761840560473502
351.9120062541425113522564060986
347.34502451994376315269619226456
342.8517042618441905688086990267
338.43057547771292092875228263438
334.08020304813646816910477355123
329.799185779108142924087587744
325.58615547450756366743007674813
321.43977603733554815335082821548
317.35874259870433888863772153854
313.34178067363052377913845703006
309.38764534270552530870190821588
305.49512045876025467805447988212
301.66301787766860798001289367676
297.89017671247040652815485373139
294.17546261002462415490299463272
290.51776704943154072680044919252
286.9160066614908828341867774725
283.36912256849524283097707666457
279.87607974367386987069039605558
276.43586638963904533738968893886
273.04749333520140908149187453091
269.70999344995004776137648150325
266.42242107601106226866249926388
263.18385147642135279966169036925
259.9933802995775522504118271172
256.85012305923271469509927555919
253.75321462953914419813372660428
250.70180875464970426946820225567
247.69507757240961609568330459297
244.73221115168459505184728186578
241.81241704289126914773078169674
238.93491984130722016743675339967
236.09913980653382736818457487971
233.30478882626499625985161401331
230.55115012380011307868699077517
227.83749900239726571271603461355
225.16312602361801964434562250972
222.52733663645969386379874777049
219.92945081670512763594160787761
217.36880271617724247334990650415
214.84474032159104694983398076147
212.35662512271252921891573350877
209.9038317895401064561156090349
207.48574785823234378767665475607
205.10177342552120194341114256531
202.75132085134976023255148902535
200.43381446949103974475292488933
198.14869030590716647566296160221
195.8953958046163279504980891943
193.67338956084594769890827592462
191.48214106125377043099433649331
189.32113043100932259221735876054
187.18984818753185095374647062272
185.08779500069047685428813565522
183.01448145927480481987004168332
180.96942784355576350208139047027
178.95216390375625792330538388342
176.96222864426212595390097703785
174.99917011340627936988312285393
173.06254519866487839863111730665
171.15191942711123829212738201022
169.26686677097436017902509775013
167.40696945815875551488716155291
165.57181778758155132891261018813
163.76100994919281106376729439944
161.97415184854321523744147270918
160.21085693577347797145193908364
158.47074603889913646526110824198
156.75344720127151276756194420159
155.05859552309632931610394734889
153.38583300689825250628928188235
151.73480840682128700791508890688
150.10517708165761519012448843569
148.49660085150304666967713274062
146.90874785793883461337827611715
145.34129242764171863200317602605
143.79391493933033530083775985986
142.26630169395482994332269299775
140.758144788042642403524951078
139.26914199011395112393074668944
137.79899662008412519753619562835
136.34741743157232463090622331947
134.91411849703783332188322674483
133.49881909566821036605688277632
132.10124360394650011585326865315
130.72112138882408771678456105292
129.3581867034318122477998258546
128.01217858526092641113791614771
126.68284075674849020742840366438
125.36992152820414503366919234395
124.0731737030166499380356981419
122.79235448507982653154613217339
121.52722538838065702293533831835
120.27755214869227984308963641524
119.04310463731776792428718181327
117.82366016513229567408416187391
116.61912875197525352177763124928
115.42935697393566840673884144053
114.25412606157344441726309014484
113.09322106266746743585827061906
111.94643076551092519821395399049
110.81354762395196189572743605822
109.69436768413474680983199505135
108.58869051289786966663086786866
107.49631912778873754632513737306
106.41705992865310292927460977808
105.35072263075917931018921080977
104.29712019941950984502909705043
103.25606878607166549954854417592
102.22738766578243030380690470338
101.21089917613920761141343973577
100.20642865749549343945545842871
99.213804394535230812834925018251
98.232857559125037028024962637573
97.263422154421888876640878152102
96.305334960205513539222010876983
95.358435479405429191501752939075
94.422565885794256246299482882023
93.497570972817399592713627498597
92.583298103533167022760608233511
91.679597161635200563978287391365
90.786320503531925396600854583085
89.903322911456641008953738491982
89.030461547584465620275295805186
88.167595909131676990000414662063
87.314587784413092208524176385254
86.471301209836227030791633296758
85.637602427808687366450612898916
84.813359845537675596460758242756
83.998443994700167536393564660102
83.192727491963950114950421266258
82.396085000338260329044715035707
81.608393191335920846540830098093
80.82953070792683547551860101521
80.059378128264867768848489504308
79.297817930170310773974051699042
78.544734456349630136173800565302
77.800013880336393867764854803681
77.063544173135568371435510925949
76.335215070555733518631313927472
75.614918041213570631953189149499
74.902546255194025093260279390961
74.19799455335272853062633657828
73.501159417244409155500761698931
72.811938939664102576898585539311
72.130232795787264876707922667265
71.455942214894022868065803777426
70.788969952665894425081205554307
70.129220264040881716027797665447
69.476608618851315668507595546544
68.831081893317247022423543967307
68.192553494331789920579467434436
67.560934031840474744967650622129
66.936135447678637433455151040107
66.318070992772661043090920429677
65.706655204782990153944410849363
65.101803886179240521414612885565
64.503434082738650090504961553961
63.911464062458001933464402100071
63.325813294870634706512646516785
62.746402430759999901965784374624
62.173153282260237517675705021247
61.60598880333697024980210699141
61.044833070639079153352213324979
60.489611264714028493472142145038
59.94024965157912987478994182311
59.396675564640574407349049579352
58.85881738695412224160463665612
58.326604533818574793713196413592
57.79996743569669348516981699504
57.278837521455528758451691828668
56.763147201919991857721470296383
56.252829853733025800011091632769
55.747819803515902492563327541575
55.248052312322776913333655102178
54.753463560382570562978798989207
54.263990632123267232600483112037
53.779571501472183570058405166492
53.300145017426274307581479661167
52.825650889887860728322266368195
52.356029675759295116677094483748
51.891222765291992402580945054069
51.431172368684080709044792456552
50.975821502922443073657632339746
50.525113978862918884260579943657
50.078994388545062577122735092416
49.637408092736094999963825102895
49.200301208699293908921390539035
48.767620598182844560142257250845
48.339313855624176596847973996773
47.91532929656573003285302547738
47.495615946277915497830690583214
47.080123528585112069322349270806
46.668802454890418118793604662642
46.261603813395808515451790299267
45.858479358512859391794336261228
45.459381500461489622466615401208
45.06426329505174521727894898504
44.673078433645919460559525759891
44.285781233297228709488990716636
43.90232662706110744466059259139
43.522670154476607251581299351528
43.146767952213771479819115484133
42.774576744884171830562991090119
42.406053836011345481438183924183
42.041157099158013465967087540776
41.679844969206904181646677898243
41.322076433792602756511769257486
40.9678110248809161930694244802
40.617008810493558712551021017134
40.269630386574768010632396908477
39.925636868997614215004432480782
39.584989885706988843594444915652
39.24765156899689344527359935455
38.913584547919199962962011341006
38.582751940821715663787472294644
38.255117348012788625055691227317
37.93064484455031504239741479978
37.609298973152540668252186151221
37.291044737228531857908819802105
36.975847594026106435194378718734
36.663673447894694845672347582877
36.354488643661490243630396435037
36.048259960118187450461846310645
35.744954603616832855550455860794
35.444540201772149146108858985826
35.146984797268842726225557271391
34.85225684177181904033204773441
34.560325189937024958908295957372
34.271159093521710303775762440637
33.984728195591763721949973842129
33.701002524824438921768887666985
33.41995248990495781526988139376
33.141548874014844727753370534629
32.865762829410797962736978661269
32.592565872091952883238263893872
32.321929876554442273572931298986
32.053827070631044193760317284614
31.788230030415025595402767066844
31.525112918531302597102694562636
31.264452280844718501384704723023
31.006221909704148487207930884324
30.750395751390463772168004652485
30.496948074462157052266775281169
30.245853465199694198872748529539
29.997086823122756982229475397617
29.750623356578639544522957294248
29.506438578401041894494483130984
29.264508301637597753597219707444
29.024808635345134888439133646898
28.787315980451460006861452711746
28.552007025682357266305189114064
28.318858743552848267199806286953
28.087848386421377711030800128356
27.858953482606047202807530993596
27.632151832561586246583829051815
27.407421505116133175761206075549
27.184740833766742440502639510669
26.964088413032634150567901087925
26.745443094865073874188965419307
26.528783985113125964971914072521
26.314090440043944596482106135227
26.101342062917062492033437592909
25.890518700611469427030897350051
25.681600440304709564998120185919
25.474567606202985103891478502192
25.269400756321587664388061966747
25.066080679314474366492504486814
24.864588391352544505252808448859
24.664905133049462193639556062408
24.467012366434357062416893313639
24.270891771970667605273774825037
24.076525245620072013252865872346
23.883894895951137016254506306723
23.692983041291672208217278239317
23.503772206923883913987083360553
23.31624512232228596531058428809
23.130384718432672741528222104535
22.946174124992328557937071309425
22.763596667890347191587352426723
22.582635866567365212631557369605
22.403275431454360955285665113479
22.225499261449446208871449925937
22.049291441432494309538014931604
21.874636239816506844135801657103
21.701518106135335273165765102021
21.529921668667437728572622290812
21.359831732094281875333763309754
21.191233275193866347763105295599
21.024111448567840199075362761505
20.858451572402223916924413060769
20.694239134261028567607354489155
20.531459786912240161882436950691
20.370099346185579491930184303783
20.210143788861593350247858325019
20.051579250591537117998086614534
19.894392023847615291742840781808
19.738568555902901380250114016235
19.584095446840663612420030403882
19.430959447592591970987996319309
19.27914745800525864183327939827
19.128646524934605821499644662254
18.979443840367896001453118515201
18.831526739572652218157600145787
18.684882699272211681318367482163
18.539499335847537508925597649068
18.395364403564592237216857029125
18.252465792827255341990166925825
18.110791528455045806822454323992
17.970329767985468549795768922195
17.831068800000426932683694758452
17.692997042476481084349870798178
17.556103041158468869298303616233
17.420375467956123571866555721499
17.285803119363425395249578286894
17.152375357454371140875082346611
17.020081713407314794039848493412
16.888911304697153070719650713727
16.758853367389374255935763358139
16.629897255470424966006248723716
16.50203243937891883774682355579
16.375248504557617934551672078669
16.249535150025554486319379066117
16.124882186970197039954655338079
16.001279537359167193244502414018
15.878717232571398554341612907592
15.757185412047187256234792585019
15.636674321957171329700031492393
15.517174313889581682701646059286
15.398675843555755804459295177367
15.28116946951353938288775680121
15.164645851908250762107854825445
15.049095751231060802410866017453
14.934510027094319184470805339515
14.820879637023859132227698864881
14.7081956352677281074647908099
14.59644917162126454002191167092
14.485631490268239929264382226393
14.37573392863783361406149197137
14.266747916277084939906671934295
14.158664973738797954183610272594
14.051476711484429671372708980925
13.945174828801993882620990916621
13.839751112738467142548870469909
13.735197437046725355003218282945
13.631505761146598842969979159534
13.528668129100067218928415968549
13.426676668600061148595159465913
13.32552358997302555110309185693
13.225201185194700670422207622323
13.125701826919197401366545818746
13.02701796752098317710988339968
12.929142138149693153081898344681
12.832066947797549971710395766422
12.735785082379136312624723359477
12.640289303823459832187836582307
12.545572449178026275262709532399
12.451627429724785756093297095504
12.358447230107829639678129751701
12.266024907472447225131872983184
12.17435359061578736827868851833
12.083426479148442922451067715883
11.993236842667261754513674532063
11.903778019938872745342450798489
11.815043418094024474385150824673
11.727026511832365329723870672751
11.63972084263774497969734511571
11.55312001800360377501419861801
11.467217710668561991838032554369
11.382007657861946015032117429655
11.297483660559066720452392473817
11.213639582746184331085714802612
11.13046935069501408577252732357
11.047966952246575544904771959409
10.966126436104310926111793378368
10.884941911136364112167029816192
10.80440754568671479773911414668
10.724517566895322318032413022593
10.645266260026899018953372433316
10.566647967808314945159509079531
10.488657089774513053725968347862
10.411288164896452812513416574802
10.334538282211051196668449847493
10.258403095709905272769901785068
10.18287704922396308404586307006
10.107954643612988121503803995438
10.033630436104463257152019650675
9.9598990396410780334690571180545
9.8867551222366429897192574571818
9.8141934063403652999113546684384
9.7422086682093240739277462125756
9.6707957372890618330529832746834
9.5999494956021322877859347499907
9.5296648771445298109483701409772
9.459936867289883366538560949266
9.3907605022012887729943031445146
9.3221308682506354159613692900166
9.2540431014454611613473389297724
9.1864923868630068426455181906931
9.1194739580916053256487430189736
9.0529830966791084989608862088062
8.9870151315883521903060682234354
8.9215654386595666380799229955301
8.8566294400795744223842120845802
8.7922026038577190121259263833053
8.7282804433084422157662629615515
8.6648585165403702035291644278914
8.6019324259518814557168298051693
8.539497817732982554161935695447
8.4775503813734953695302465348504
8.4160858491773993250717467162758
8.3550999957832630116172367706895
8.294588637690710086758372199256
8.2345476327927737969503141357563
8.1749728799141276880391160375439
8.1158603183550575010940519860014
8.057205927441117410126025788486
7.9990057260783968828832257713657
7.9412557723143075705252158513758
7.8839521629038191719018868752755
7.827091032881092758088925620541
7.7706685551363641195621312363073
7.7146809399981135513257868296932
7.6591244348203506575600840733387
7.6039953235750283866423160361592
7.5492899264494006672521209111437
7.4950045994484133515811663528439
7.4411357340019259609675827960018
7.3876797565767589048846275545657
7.3346331282934835726905475894455
7.2819923445479197710028529400006
7.2297539346372330371082171041053
7.1779144613905758731675632589031
7.1264705208042800066436939232517
7.0754187416814264821596225374378
7.0247557852758344409949131659232
6.9744783449403424668844309053384
6.9245831457793540764100725937169
6.8750669443055958396371352137066
6.8259265281010206294354247802403
6.7771587154817902742820479033981
6.7287603551672896529112222197
6.6807283259531660135621677909512
6.6330595363882238757469167467207
6.5857509244552758786994672846049
6.5387994572557639472165647021029
6.4922021306981694266369231627323
6.4459559691901517908263485878706
6.4000580253343679615340988675598
6.354505379627918060236879682634
6.309295140165336768234283226775
6.2644244423451693748461366340052
6.2198904485799921815214474918321
6.1756903480098861436431434412953
6.1318213562193095711450041562784
6.0882807149573183735924430948216
6.0450666001064510268747653753962
6.0021803769283250673538532282691
5.9596197350942361481429543346167
5.9173818799543829172193909471389
5.8754640438095790955230768304318
5.8338634856205580092591844731942
5.7925774907207969732780838967301
5.7516033705327540559437693445943
5.7109384622875083437065768521279
5.670580128747742421069233387243
5.6305257579340377560583874583244
5.5907727628544048315006875782274
5.5513185812370915428459738905076
5.5121606752664717987499898299575
5.4732965313221617620342840382364
5.4347236597211692199493882071692
5.3964395944631160517701573553495
5.3584418929784698448770541290287
5.3207281358797660075765634246636
5.2832959267157155736072127183434
5.2461428917282697526047741121147
5.209266679612496453444236976793
5.1726649612792954258111421950161
5.1363354296209227101144279004075
5.1002757992792053798325468960684
5.0644838064165202951016908627935
5.0289572084894373915631149429828
4.9936937840250124054364277981222
4.9586913323996402169768771273084
4.9239476736205736173701552615967
4.889460648109904106206613505492
4.8552281164911015309826325392351
4.8212479593779997699698469659779
4.7875180771662648737674317089841
4.7540363898272293141644695424475
4.7208008367041678354780742665753
4.6878093763108727998201175068971
4.6550599861326054096366533485707
4.6225506624292931334707645874005
4.5902794200410115266208777029533
4.5582442921957264658772146503907
4.5264433303192062041375720582437
4.4948746038471387720392158371396
4.4635362000393827841548954893369
4.432426223796367636964532721322
4.4015427974775649389016507484484
4.3708840607220560414702958951239
4.3404481702711370516567512822803
4.3102332997929480029597471002489
4.280237639709056907122430857271
4.2504593970231017152627828181721
4.2208967951512805782954274036456
4.1915480737548485024035471724346
4.1624114885744250003085653588641
4.1334853112662495178142307850067
4.1047678292402522970405698288232
4.0762573454999575517376797506586
4.047952178484181651185735972831
4.0198506619105360826438300136942
3.9919511446206596971819635655265
3.9642519904272290887092822231352
3.9367515779626334193608272471465
3.9094483005293985122818867239403
3.8823405659522429722585457056994
3.8554267964318125194722597370856
3.8287054284000370252272205107147
3.802174912377100479687896950054
3.7758337378271646933569627435645
3.7496833666029565357291630789405
3.7237242743375875697608989867149
3.6979548691332007059884290356422
3.6723735737844909188254405307816
3.6469788256287345440398439677665
3.6217690763975203260827129270183
3.596742792070139582705223801895
3.571898452728619943741250608582
3.5472345524143973349850966769736
3.5227495989865933445628343179123
3.4984421139818411283783916587709
3.4743106324757420111382089089602
3.4503537029458200002807188866427
3.4265698871360172894640072627226
3.4029577599227120998648388194852
3.3795159091822091212975465168711
3.3562429356597216489888069190783
3.3331374528397899048570707236649
3.3101980868181586359355605964083
3.287423476175041603397630751715
3.264812271849832914227818037034
3.2423631370171643872879485570593
3.2200747469643564713237537944224
3.1979457889702063155823452689219
3.1759749621851236511815841367934
3.1541609775125762915592986246338
3.1325025574918403670210409472929
3.1109984361820597342784822103567
3.0896473590475395099019806366414
3.0684480828443287947493445244618
3.0473993755080308609706207789714
3.0265000160428479070162666175747
3.0057487944118288503148050949676
2.9851445114283294834933712991187
2.9646859786486339238820164609933
2.9443720182657795447767057339661
2.9242014630044916856377312797122
2.904173156017306745013684121659
2.8842859507817966147058541537262
2.8645387109989028928680454555433
2.8449303104923964191641516663367
2.825459633109411505813568510348
2.8061255726220424300265676720301
2.7869270326300301654498525749659
2.7678629264644798446681761561194
2.7489321770926227195275259873597
2.7301337170235941975704463402508
2.7114664882152559322037177480524
2.6929294419819651551506467512809
2.6745215389033920594386017910438
2.6562417487342728783517031843076
2.6380890503151528392322688887361
2.6200624314840719186747719504638
2.6021608889892022808965066360543
2.5843834284024120862000017950777
2.5667290640337596663300701038679
2.5491968188468892009268529363908
2.5317857243753323359669593628496
2.5144948206397046419624530244619
2.49732315606576671385141708015
2.4802697874033761138434783788398
2.4633337850421588299809627642389
2.446516487134627215738191807759
2.4298187907366473048398347600596
2.4132397225143726871010585455224
2.3967783177886796686095749464585
2.3804336204510314622950772900367
2.3642046828802310010075871105073
2.3480905658600650376399698870955
2.3320903384978199923693864548113
2.3162030781436455662003481847933
2.3004278703108127501764101907611
2.2847638085967756360616931488039
2.2692099946050849901268975372659
2.2537655378681278328656389930984
2.2384295557706912482842653844273
2.2232011734743042374873311928241
2.2080795238424055781933930120431
2.1930637473662875081004131061491
2.1781529920918165643684005772229
2.1633464135469244737919325416442
2.1486431746698673173057159146992
2.1340424457382276557382283499464
2.1195434042986662781515860842774
2.1051452350974027005747757357312
2.0908471300114332969144470553147
2.0766482879804510908172687777551
2.0625479149395031797098454262596
2.0485452237523125162965698109474
2.0346394341453275522724197799107
2.0208297726424402362965793145122
2.0071154725003919061521173716756
1.9934957736448355447578251187224
1.9799699226070830437862468897947
1.9665371724614870707625868817559
1.9531967827634819645510333430138
1.9399480194882687822399702781695
1.9267901549701258456792629658594
1.9137224678423452317588271398563
1.9007442429778009795882098842412
1.8878547714301101567713203621679
1.8750533503754287512066412091372
1.862339283054807337336455930199
1.8497118787171800136093224864453
1.8371704525629026782951314089587
1.8247143256878997075176584985456
1.8123428250283604157289119029883
1.8000552833060214918958763519186
1.7878510389739872277203858175199
1.7757294361631255075195667814114
1.7636898246289938185782375512645
1.7517315596993183746121758304071
1.7398540022220008172126881618169
1.7280565185136562700307649720344
1.7163384803086803032101670396514
1.7046992647088212713413213350577
1.6931382541332831159763827599818
1.6816548362693108931154029050958
1.6702484040232985496032824812573
1.6589184976923740943988150320365
1.6476667793045647325556046780548
1.6364934083603543957252668405999
1.6253977578844855944595337859937
1.6143792062958228772373558967956
1.6034371373571756347331529468647
1.5925709401256107344835299954866
1.5817800089032842958403080046992
1.5710637431887624071435993755586
1.5604215476288307851149284033454
1.5498528319707955969164459020249
1.5393570110152614560661277209874
1.5289335045693834835844882036326
1.5185817374005947666404381379834
1.5083011391907867881911897711689
1.4980911444909690288795900414698
1.4879511926763600015988231461961
1.4778807279019465781289000005927
1.4678791990584785231988007581094
1.4579460597289097822937264936627
1.4480807681452614321671035213512
1.4382827871459378243912397010718
1.4285515841334412989738211763324
1.4188866310325338737641232000897
1.4092874042487963937020367666264
1.3997533846276088986826380278217
1.3902840574135399975830296170898
1.3808789122101305935075288289227
1.3715374429400875033735474062269
1.3622591478058627689762261070427
1.3530435292506330924311441776808
1.3438900939196487538396240779548
1.3347983526219870942242096134578
1.3257678202926646005010979934013
1.3167980159551313512622527923668
1.3078884626841382754491860396229
1.2990386875689610146622499087243
1.2902482216769921574694990340504
1.2815166000176940741539510781877
1.2728433615068996953567648233729
1.2642280489314663416422490627156
1.2556702089142757206019496152294
1.2471693918795807576316292397678
1.2387251520186852715710301708896
1.2303370472559678194812704532524
1.2220046392152277281439864964341
1.2137274931863673010923321271548
1.2055051780923984328097731122398
1.1973372664567689671599737266661
1.1892233343710041371110719410353
1.1811629614626770745644535054453
1.1731557308636684222591384241241
1.165201229178755237825271251495
1.1572990464544954392067666049115
1.1494487799104766700963864423102
1.1416513751409576027384673579945
1.1339075021812226040651694347616
1.126216736829604103675706028298
1.1185786584351742334320078953169
1.1109928498659562556838409363991
1.103458897477445743717794357508
1.0959763910814275256200289732078
1.0885449239151019362736860784935
1.081164092610505500502426912135
1.0738334971642258253154977865051
1.0665527409074084808082716335775
1.0593214304760567578966856672196
1.0521391757816089818078353346209
1.0450055899818071480922299087979
1.0379202894518400057677354197949
1.030882893755764584398093575146
1.0238930256182010580801033938769
1.0169503108963007242948606290156
1.010054378551981102418722002767
1.0032048606244223787342662035371
0.99640139220283818755063975913799
0.98964361139949175161234506958863
0.98293115932298125159150004037656
0.9762636800517735524707063632377
0.96964082060799450246690867061261
0.96306223093146070546310966165038
0.95652756385396864313719333949848
0.95003647507382338321946235737414
0.94358862313060543058895746071357
0.93718366938018193845749692627578
0.93082127796995706159322025996516
0.9245011158143482399296431140101
0.91822285257050195728112385040731
0.91198616061423931622442751177005
0.90579071501622121509456064814003
0.89963619351834811510570943937637
0.89352227651037818834112158583594
0.88744864700676417967883935489226
0.88141499062371286843386997134076
0.87542099555645480624122001245269
0.86946635255673621056615729685291
0.86355075491051436209488656459143
0.85767389841586305632148423683248
0.85183548136109588089226463125669
0.8460352045030800072211718543258
0.84027277104576014732373323568027
0.83454788661888834599977826655959
0.82886025925694528648790537772584
0.82320959937825988195214677034528
0.81759561976432726382313376234379
0.8120180355393191717894296743907
0.80647707453550476763837195903761
0.80097369117663130833051354784402
0.79550764985712807408901880990015
0.79007866131920601038274298844044
0.78468643863934117721470329342992
0.77933069720826464443774739265791
0.77401115471113290933402595328516
0.76872753110788227814964557182975
0.76347954861376621238377992995083
0.7582669316800709768955357503728
0.75308940697500825756094400276197
0.74794670336478275007863203427405
0.74283855189483716241483080011676
0.73776468577126508296970541778137
0.73272484034239704353552724569454
0.72771875308055600228840376075823
0.72274616356397725080995542157325
0.71780681345889651989722324287868
0.71290044650179873464423963014269
0.70802680848183496831182992536924
0.70318564722339238493020729947602
0.69837671256883115944447126821615
0.69359975636137094490152321668575
0.68885453242813965424318212171784
0.6841407965633726773191369829874
0.67945830651176841730176647615735
0.67480682195199204187474606442265
0.67018610448033066884221398140653
0.6655959175944974326455394475488
0.66103602667757999089559461936005
0.65650619898214024328098048499669
0.65200620361444860950683732880861
0.64753581151887340539019533025566
0.64309479546239955993769399356097
0.63868293001929399288485456054332
0.63429999155591165749257243078318
0.62994575821562981410295378736919
0.62562000990392507837611901777564
0.62132252827359057967271382949548
0.61705309671006525196190750648384
0.61281150031692477320177658839384
0.60859752590147409012644175163587
0.60441096196049581834586206241511
0.6002515986660986735401479563734
0.5961192278517221110334389777563
0.59201364299824421610907165813842
0.58793463922022659584598613946582
0.58388201325227118143601501287776
0.57985556343551558633464537706459
0.57585574132725814155975285757449
0.57188311300549488080946503032465
0.56793746376117959506757415510947
0.56401857914730080256759947587852
0.56012624644158348630185173533391
0.55626025463199391118962466862286
0.55242039440238455139109419178567
0.54860645811826103113162389490753
0.54481823981268029388758122877334
0.54105553517226800952499843333499
0.53731814152337364909328698558966
0.53360585781833591578759978801827
0.5299184846218778499604695753078
0.52625582409762350355464377571479
0.52261767999473129897580747638131
0.51900385763465139987715701863635
0.51541416389799299402341148379492
0.51184840721151980691416838453733
0.50830639753525008739387658351916
0.50478794634967971699524014184135
0.50129286664311212273759110757965
0.49782097289910554049896518336027
0.49437208108402980188955666562833
0.4909460086347312568477718741633
0.4875425744463124932970288227807
0.48416159886001397527621747940429
0.48080290365120614826111022921395
0.47746631201748790385153142779018
0.47415164856688912786708556268422
0.4708587393061770542956878671248
0.46758741162926781287367816730693
0.46433749430573650895937021232385
0.46110881746943321868315024403273
0.45790121260719318652121501145302
0.45471451254765582472572305050562
0.4515485514501693664612957945792
0.44840316479380415426447825666401
0.44527818936645474634516972400888
0.44217346325404466300668104850047
0.43908882582981806352862008679949
0.43602411774373311947883280481619
0.432979180911939376397157275278
0.42995385850635758906435057724593
0.42694799494434043651835963828489
0.42396143587843299060935464694921
0.42099402818621306510138424528122
0.41804568099134287173512802837649
0.41511705093562595303424700432515
0.41220823654105265276825775799807
0.4093190855072544320769623027445
0.40644944670926413943234933867643
0.40359917018805585575691452504543
0.40076810714116639644544193288311
0.39795610991339619433304619633418
0.39516303198758873094220689381473
0.39238872797549129156635672188713
0.38963305360869615601160376172629
0.38689586572964973498756080516614
0.38417702228275241171928655603551
0.38147638230552299853926001560467
0.3787938059198432960705815730762
0.37612915432327892473196584433026
0.37348228978047021131558835804753
0.37085307561459857073060675247689
0.36824137619892827189005402033217
0.36564705694841376226733586918272
0.36306998431138459704214938028599
0.36051002576129792531745010819577
0.35796704978856114243157549026364
0.35544092589242615165545657873736
0.3529315245729486849590728070325
0.35043871732301962174105369740573
0.34796237662046120009406990902789
0.34550237592019278354271705211431
0.34305858964645852271502235453227
0.34063089318512679293249334477878
0.33821916287604797402011058693461
0.3358232760054844501240722820512
0.33344311079859628721422382113815
0.33107854641199796486006334816921
0.32872946292637111875833966223581
0.32639574133914645015508426695305
0.32407726355723903699512788989523
0.32177391238985475485634424330783
0.31948557154134560320812852296513
0.31721212560413747372223269849201
0.314953460051706324307474460511
0.31270946123162129959283106472867
0.31048001635864080904880779598898
0.30826501350787022248667312851467
0.30606434160797468813086652517086
0.30387804982432942146886034606723
0.30170665515706318604571833930095
0.29955010453077773879826395386772
0.29740828077969388987256138534576
0.29528106763856826200154159778322
0.29316834973557842625169200800883
0.29107001258527553932964337946032
0.28898594258159066017199734233145
0.28691602699090046346697135959403
0.28486015394515218357440744512132
0.28281821243504512430888553353725
0.28079009230326718027370702657208
0.27877568423779169881626671667618
0.27677487976522646695443086173327
0.27478757124421987478868345533556
0.27281365185892114677557174218236
0.27085301561249564006317314124317
0.26890555732069343353174417643459
0.26697117260547131856185387732694
0.26504975788866841357460657491174
0.26314121038573329292020730463264
0.26124542809950290767062597296899
0.25936230981403490813974599404901
0.25749175508848870519429397063504
0.25563366425105843449117060117715
0.25378793839295593626204095016874
0.25195447936244280695561315042141
0.25013318975891274398293262493098
0.24832397292702182434176449987717
0.24652673295086818816557183708937
0.24474137464821810183934758242685
0.24296780356478173135137410554307
0.24120592596853371314402636471641
0.23945564884408254702208296293975
0.23771687988708459227105151967407
0.2359895274987061919436115431381
0.23427350078012776357638813351514
0.23256870952709673971980919304769
0.23087506422452269694289839208068
0.22919247604111855909359007910098
0.22752085682408371147822379043646
0.22586011909383346685231686024053
0.22421017603876686186126221400627
0.22257106493615211317838031845895
0.22094324151180264048655033093382
0.21932667893263080305388257329469
0.217721286612463565957042987975
0.2161269746547419545734669554804
0.21454365384719406573132971516316
0.21297123565655068366808677637891
0.21140963222330266813031585115823
0.20985875635650297343914871817105
0.20831852152861027316355091443256
0.20678884187037319120072709210945
0.20526963216575758175430621577107
0.20376080784691369407468641838932
0.20226228498918544240758876640029
0.20077398030615919988228768033878
0.19929581114475247716200101422146
0.19782769548034317974583018440171
0.19636955191193705694274740380934
0.19492129965737625685306966261123
0.19348285854858396359823302645964
0.19205414902684925237963398103602
0.19063509213814922027552256622585
0.18922560952850867033170345621329
0.18782562343939890325827946071513
0.18643505670317112032918771546974
0.18505383273852749059784628116176
0.18368187554602977140660868826672
0.18231910970364223478767939923273
0.18096546036231211940226160095335
0.17962085324158422183771222080395
0.17828521462525101504148494768742
0.17695847135703887675894918629638
0.17564055083632695852813299097761
0.17433138101390194263373700778175
0.17303089038774568941825293677539
0.17173900799885799539623576492886
0.1704556634271102710798118096136
0.16918078678713666107569224550389
0.16791430872425242015744117907161
0.16665616041040995365385413151671
0.16540627354018416772518662583025
0.16416458148368670566519256226456
0.16293134948840851117246586454712
0.16170677005613151577811947845476
0.16049077332196950984588568189793
0.15928328994357734971210049934598
0.15808425109721230272796788085543
0.15689358847383272355102690198692
0.15571123427522193249927795477561
0.15453712121014803737573117814463
0.1533711824905490406223407262587
0.15221335182775216909867310732807
0.15106356342872015452449829808756
0.14992175199232915527858267523698
0.14878785270567390641716087884561
0.14766180124040426124842895205802
0.14654353374908796192599425012304
0.14543298686160491262064908823959
0.14433009768156696006613515237404
0.14323480378276817748250948625355
0.14214704320566076689580370384647
0.1410667544538611872795286217297
0.13999387649068062433599379801308
0.13892834873568613018868234121328
0.13787011106128521653602092555957
0.13681910378933989647087798857683
0.13577526768780559529581353217509
0.13473854396739720629128100881644
0.13370887427828120896933228323178
0.13268620070679248978962050387054
0.13167046577217836333950629068568
0.13066161242336740699876429516735
0.12965958403576299806658767010958
0.12866432440806180315107098977023
0.12767577775909910720031348319026
0.12669388872471509799311206734274
0.12571860235464954458350916866038
0.12474986410945691772678145525788
0.12378761985744872464731969330387
0.12283181587165714621079359858413
0.12188239882682373738109760097359
0.12093931579641084561593800117407
0.12000271048340090118689005294073
0.11907280861635996527247982612607
0.11814955749026866127504575842977
0.11723290269031275134814507055125
0.11632279020329747143414067522826
0.11541916641468927262614840856259
0.11452197810568313929291406338962
0.11363117245028986346255805983674
0.11274669701244824371322295064601
0.11186849974315715705586171679897
0.1109965289776316949010848134094
0.1101307334324793940627529309495
0.10927106220289968530057223006224
0.10841746475990299281022544164443
0.10756989094755306513029324833042
0.10672829098022938720813357349471
0.10589261543991053404756286226984
0.10506281527347867410515647179636
0.10423884179004443140126312528082
0.10342064665829213410130904549078
0.1026081819038463099902358521831
0.10180139990665598714869588548027
0.1010002533984023370683402731629
0.10020469545992269355672021902137
0.099414679518656748347105178709171
0.098630159346110482521119422472111
0.097851089055340997879817166449357
0.097077423098458986983061436149001
0.096309116264151228836709606184741
0.095546123675221639182097987941233
0.094788400786150611709857116693456
0.094035903380674232265867829028139
0.093288587569379716191164675365144
0.092546409787321426421158321318217
0.091809326791653114718805284155678
0.091077295659279480788406146984926
0.090350273784524745557256153460912
0.089628218876818904758962958112534
0.088911088958402328952246307380847
0.088199047851294662403454083232646
0.087492267728104172741510069499782
0.086790702419574081161179890386848
0.086094306062147948899188065752242
0.085403033135232661599012260467134
0.084716838458691476332340641874907
0.084035677190359023280841199721181
0.083359504823573030152239482504228
0.082688277184726127755354241344321
0.082021950430834947298741610666184
0.081360481047129021292541040111246
0.080703825844655921462056369364291
0.08005194195790714395410958559296
0.079404786842458552342804978252389
0.078762318272632136917366096895421
0.078124494339172761980805148596119
0.077491273446943217950710902641731
0.076862614312637508873216063420841
0.07623847596250997449285335960667
0.075618817730122286913108098360681
0.07500359925410753081376213913245
0.074392780475950159857490007198066
0.073786321637784174631846667580248
0.073184183280205872268453504148056
0.072586326240105011886605268500716
0.071992711648510551714075234031043
0.071403300928454135898526544679044
0.070818055792847861562577804761531
0.070236938242379642893808977532899
0.069659910563423063645238642038748
0.069086935325963466647536392883922
0.068517975381539586443579992192099
0.067952993861200600145267003426852
0.067391954173477999767705171052512
0.066834820002372966052384128943231
0.066281555305359035612511320323392
0.065732124311399284244394891629781
0.065186498675422657744782384270366
0.064644889107749875511998993715679
0.064107380323083884565704693159205
0.063573935749186905042051876080222
0.06304451908371198898262122156666
0.062519094292272828217171820597287
0.061997625606527044517246594068638
0.061480077522273926526885645671427
0.06096641479756677306500733948269
0.060456602450837802764649353548521
0.059950605759038697040175236452342
0.059448390255792959990799317893106
0.058949921729563724281941716753863
0.058455166221833353146219991458565
0.057964090025297912434076863519294
0.057476659682073737156482451382544
0.056992841981918278271290745351507
0.056512603960463127228397439694163
0.056035912897460404824556690073223
0.055562736315042139667585985307596
0.055093041975992435022035920155759
0.054626797882031716269146670583723
0.054163972272114932482445226469281
0.053704533620740353694333890643975
0.053248450636272516567348844773733
0.052795692259276466584694276207301
0.052346227660864504127591345650217
0.051900026241054830755672355735442
0.051457057627142900602112973729163
0.051017291672083464604270375275519
0.050580698452885750060481484524644
0.050147248269019450983563501722529
0.049716911640832889274221884079452
0.049289659307982416902582656348386
0.048865462227873461553695477732617
0.048444291574112931242357404926224
0.048026118734972818302697561421155
0.04761094557827603296340512883944
0.047198976129993318318067707650698
0.046790229310553391184335225716495
0.046384675300242962647789823904532
0.045982284498355015245341093077514
0.045583027521647910551561011516242
0.045186875202815918184384713640611
0.044793798588969528651215767922622
0.044403768940128360287467046418897
0.044016757727723558601962139391617
0.043632736633112033375336835661074
0.043251677546100840421328115326105
0.042873552563482464350386180740315
0.042498333987580474979672828794719
0.042125994324806022295337726291109
0.04175650628422424709418336874478
0.041389842776131696711061636051454
0.041025976910642886208435697881214
0.040664881996288690380048080896813
0.040306531538623041610591712924361
0.0399508992388409242546565280918
0.039597958992405660194613403746189
0.039247684887686623556035669935227
0.038900051204605816390635908419426
0.038555032413295380055995309476202
0.038212603172763578984749699429813
0.037872738329571442594811969684088
0.037535412916517775505642617872581
0.037200602151334659362102996738031
0.036868281435391628275688447047287
0.036538426352409308917046359965752
0.03621101266718234484853766730339
0.035886016324311646730205183075668
0.035563413446945010831790057181934
0.035243180335527840574272318008298
0.034925293466561695143735022384135
0.034609784552622133158017447840393
0.034296825555085279357836469671383
0.033986409087085299451924669256186
0.033678510581740685181362238154179
0.033373105652001591736599550586106
0.033070170089403272406514133763267
0.032769679862828950123176952047288
0.032471611117280890779213109453849
0.03217594017266092037976576989422
0.031882643522558450077664105037911
0.031591697833048541788070195934779
0.031303079941497259641725037226934
0.031016766855375774852854320329243
0.030732735751083612579792614383223
0.030450963972779094418585899006757
0.030171429031218829214244792069621
0.029894108602605197477775078596096
0.029618980527441874511795916191659
0.029346022809397302039124966199779
0.029075213614176961818280631177913
0.028806531268402345291601562848882
0.028539954258499169309493126434063
0.028275461229592319112313703044492
0.028013030984409232476695095215291
0.027752642482190861134005999133478
0.027494274837610258033215870909771
0.027237907319698766162030523219073
0.026983519350779843620768971845791
0.026731090505410292496035751241834
0.026480600509329006025938113566554
0.026232029238413039767818801806243
0.025985356717641405754903871638817
0.025740563120065118596357933711261
0.025497628765785970705870511210378
0.025256534120941143140015583412605
0.025017320911164823288297398562463
0.024780131678101561393257057375195
0.024544954658879972186902307385026
0.02431176944895045363703722784976
0.024080555792741785425814526888644
0.023851293582643481178129363229345
0.023623962857995339792438471704372
0.02339854380408366504862094359396
0.023175016751145173510284536178006
0.022953362173376970489790949159215
0.022733560687954075529848552150725
0.022515593054053664734404094360798
0.022299440171885644840221729623408
0.022085083081730388226970873688515
0.021872502962983323554491121853971
0.021661681133205580584988325654194
0.021452599047181566960240672869986
0.021245238295983182030823854802293
0.021039580606040192423122903164767
0.020835607838217487519649750993267
0.020633301986898184426921787348874
0.020432645179073581631623568455325
0.02023361967343911133054845663537
0.020036207859496783095787364459284
0.019840392256663442333008973150754
0.019646155513385686608440749978399
0.019453480406260624524517055533579
0.019262349839162754699950497183636
0.019072746842376739340174651715643
0.018884654571736575467966190444713
0.018698056307770150735736436331536
0.018512935454850300981410882172895
0.018329275540351165629804341961062
0.018147060213810746465146195305351
0.017966315306841694476869264462948
0.017787178255283930122798707884613
0.017609645362016347613920430603685
0.017433698716174894638442083305563
0.01725932053898271423264532131725
0.017086493182855565231559324956834
0.016915199130513119962770929305407
0.016745420994096409800233615783327
0.016577141514291265922409479571797
0.016410343559457966911008242050229
0.016245010124766610937196986697018
0.016081124331338618460573997026586
0.015918669425393824207182191798893
0.015757628777403987624383674415185
0.015597985881251115458656641976631
0.015439724353392757921765721107477
0.015282827932031920956101878061872
0.015127280476293416058841678761837
0.014973065965405355295936296045056
0.014820168497886516620343222427891
0.014668572290739190916442069578807
0.014518261678647403217778943940175
0.014369221113180927901220584885777
0.014221435162004261720802844592981
0.014074888508091479288886205267772
0.013929565948946205991565427950718
0.013785452395826763849484564161685
0.013642532872976922270202848608278
0.013500792516861648273618357052328
0.01336021657540817364484553309012
0.013220790407252209011645938119273
0.013082499480989193824109761976615
0.012945329374430854588173822605768
0.012809274433062586492915180258478
0.012674453180469660504292583880215
0.012540896158986862898854219849909
0.012408588832690529285551761518036
0.012277516771804188738803631508745
0.012147665651991634491735361223164
0.012019021253654577768843481067051
0.011891569461235172722179953552768
0.011765296262522947565165587491265
0.01164018774796695201989571444301
0.011516230109991795749202481147222
0.011393409642318913510550260070886
0.011271712739292054361595063483037
0.011151125895207411251042195488026
0.011031635703648191501602404684945
0.010913228856823683696197768711045
0.010795892144912820967417310669134
0.010679612455412060278980845851038
0.010564376772487617597851006223664
0.010450172176332197734871520822253
0.010336985842525769560551474057775
0.010224805041400955585295662331191
0.010113617137412380178607129721513
0.010003409588510455210941252346402
0.0098941699455191000484033381212612
0.0097858858515180204007410935673761
0.0096785450412286578442122575438589
0.0095721353404046322782550149099734
0.0094666446652260528155098384672783
0.0093620610216978566997525490478438
0.0092583725050523254379575277539516
0.0091555672991555422240983475035137
0.009053633675917566875357422873094
0.008952598120243055943023868792352
0.0088525612682308230799721471271369
0.0087535181753684767474998906777728
0.0086554565922523415272271662956882
0.0085583643588724896134056763230546
0.0084622294040247181268199483383796
0.0083670397447266117024744502828071
0.0082727834856371942201525016002961
0.0081794488184806085628864025238727
0.0080870240214735902156695246389972
0.0079954974587565785792975248114089
0.0079048575798288771288024889827284
0.0078150929189872084257295625775441
0.007726192094768271137472659404466
0.0076381438093947031861552510179081
0.0075509368482250798643162781331739
0.0074645600792070439938319381667498
0.0073790024523345239607086121225166
0.0072942529991081800702645843159644
0.0072103008319997002537049546333492
0.0071271351439193240950853436288526
0.0070447452076871043200045896526262
0.0069631203755075986999711901148657
0.0068822500784479923724434868859134
0.0068021238259195872591367226789316
0.006722731205162943944608766599913
0.0066440618807360471778644672724567
0.0065661055940062955718627968337842
0.0064888521626453405863332868364068
0.0064122914801276230736815087141167
0.0063364135152320488070243342804133
0.0062612083115469487071269583111643
0.0061867055891921193810922829925403
0.0061129897619255236379531837087598
0.0060400545206755378371821230132355
0.0059678895402182664808865553141004
0.0058964845705608056464219757231149
0.0058258294364526572520213143491219
0.0057559140369003404177905558469774
0.0056867283446850975733855015903373
0.0056182624058836658220705828625796
0.0055505063393924943329627019750205
0.0054834503364545577469568726769467
0.0054170846601897387762036828462442
0.0053513996451279022270597351962351
0.0052863856967452554566633260435538
0.0052220332910035286225203243759552
0.0051583329738922739648998572192795
0.0050952753609740785573078980519313
0.0050328511369328475175133341679157
0.0049710510551247257329809947634658
0.0049098659371323615310811483425368
0.0048492866723216562080400748868669
0.0047893042174016854997664616178099
0.0047299095959872760469577812614261
0.0046710938981645456352653766884941
0.0046128482800591790943811609793102
0.0045551639634075734297535831274217
0.0044980322351307003986287114116749
0.0044414444469107403068441897175944
0.0043853920147704939652699707153261
0.0043298664186554383648264376915904
0.0042748592020186186243857484612363
0.004220374079733418479221107588728
0.0041664912415696406244869365309569
0.0041132199037972180452604753497781
0.0040605515258473204656675115131748
0.0040084776290270820314765032321702
0.0039569897961232447514134946686681
0.0039060796710083294305815293512296
0.0038557389582494416488400723608265
0.0038059594227193628036831629657399
0.0037567328892103616332087678841845
0.0037080512420502873341399130424634
0.0036599064247213124699553699059607
0.0036122904394808976261121991058189
0.0035651953469854019522500276906385
0.0035186132659158994052950308883965
0.0034725363726065242193918880531101
0.0034269569006751634566987352314982
0.0033818671406564619445755948135002
0.0033372594396372007481688104491013
0.0032931262008940439742210593010441
0.0032494598835335025514836626570059
0.0032062530021343257566335260833057
0.0031634981263920260163846620571348
0.0031211878807658288530191281751058
0.0030793149441277110033021724433411
0.0030378720494138402620498684569839
0.0029968519832780774782288180091427
0.0029562475857478330044936232212649
0.0029160517498820039475337928536192
0.0028762574214311617884498595287823
0.0028368575984998698098771274800356
0.0027978744365272372081332452609104
0.0027593733450911616701672901541542
0.0027213501084696247594996165730663
0.0026837970932361192646919967330632
0.0026467067216662445300334738362835
0.0026100714713839508022974467138511
0.0025738838750099810384619480885249
0.0025381365198125435678200290112727
0.0025028220473601952254794067442845
0.0024679331531769015638244635368892
0.0024334625863993031985588189058944
0.0023994031494361392833902790755474
0.0023657476976297942862503820293796
0.0023324891389200365886258392578156
0.00229962043350979842074033321353
0.0022671345935331753754238270914811
0.0022350246827253913636801563313838
0.0022032838160949532249621718449362
0.0021719051595978085093807674610389
0.0021408819298135992395537563481867
0.0021102073936239075686860378056053
0.0020798748678925787700122462808849
0.0020498777191480092342568131158487
0.0020202093632674909817747987972325
0.0019908632651634847535171424226519
0.0019618329384719127538028171642281
0.001933111945242378237191926970695
0.0019046938956303785094731351179576
0.0018765724475913966341755756417342
0.0018487413065769655196729503998654
0.0018212108814719999653336524048086
0.0017940437577971298909601527427071
0.0017672411938947326422860717443086
0.0017407970023075992980349235850213
0.0017147050404346052786264120726401
0.0016889592102496643263864761763671
0.00166355345802239617571116614414
0.0016384817740406130807950813021989
0.0016137381923344152993837763432339
0.0015893167904021145413889781750072
0.001565211688937800200635552805295
0.0015414170515606190597218683180358
0.0015179270845457211967788335726937
0.0014947360365569119927675600933981
0.0014718381983809198168544618567921
0.0014492279026633591871436879117141
0.001426899523646292045411798632415
0.0014048474769074773514654363992804
0.001383066219101145499434379892989
0.0013615502477004844724545185030706
0.0013402941007416588423822867426338
0.0013192923565694262329900388053261
0.0012985396335843601371001776456637
0.0012780305899915995072185781467056
0.0012577599235511882202337430314287
0.0012377223713299348104022179484218
0.0012179127094548460302075865158145
0.0011983257528680449008340325178779
0.0011789563550832367865017769048563
0.0011597994079436647289066408816893
0.0011408872481189775548865439347423
0.0011222541078500420947544613525793
0.0011038949102944385811941874209197
0.0010858046091686967150186093888919
0.001067978194615468298320215545516
0.0010504106929781137965557169522413
0.0010330971665767248179879089775568
0.0010160327134854736565866550890291
0.00099921246731135907048759747794975
0.00098263159697428324387824538632685
0.00096628530648851641924462763100223
0.0009501688347454324314045326360656
0.00093427745529766064325888352826155
0.00091860647614447614884430892701062
0.00090315123951856702156498757361192
0.00088790712167406639267891454991855
0.00087286953267591473742958996240304
0.00085803391619046617475041749401043
0.00084339574927743234718929832283152
0.00082895054218304331777184001950332
0.00081469383813451406312067248904896
0.00080062121313573839185423475228731
0.00078672827576425235530932500438439
0.00077301066696942725194746648398336
0.00075946405987189493595052036667425
0.00074608415956419990057446600673074
0.00073286670291267314893135509379363
0.00071980745836050562605490377166007
0.00070690222573202945218623360901233
0.00069417175937183553217912912458587
0.00068165051928794262361271938388541
0.00066933476518868590451200040192248
0.00065722034461615811903878459077077
0.00064530313497852234867757648117959
0.00063357904336739246774906630932378
0.00062204400637629595795241588263025
0.00061069398992026591947018809847236
0.00059952498905650720116555785210721
0.00058853302780613393936637312009452
0.00057771415897701363338645474954092
0.00056706446398764576675988191567512
0.00055658005269214880835620951060605
0.00054625706320624695631893441571947
0.00053609166173436743028923867626645
0.00052608004239772254446300125962921
0.00051621842706348888482614789552372
0.00050650306517496205150480337309205
0.00049693023358276600456862048815765
0.00048749623637708410775135070558406
0.00047819740472087966928413371725526
0.00046903009668413178385321105068329
0.00045999069707908436148782738150942
0.00045107561729645727745599548264011
0.0004422812951426790574471770156606
0.00043360419467806422810784994226196
0.00042504080605599756613466322363593
0.00041658764536305618224679148120515
0.00040824311118722433205929789323818
0.00040004208083762216215106821692871
0.00039199615572695285011656229912091
0.00038410169804764103963085064563643
0.00037635509619612201540755913597991
0.00036875276461410192840179034234893
0.00036129114363079445348958529393713
0.00035396669930606107544804328490784
0.00034677592327452482585600779252388
0.00033971533259058005888020304041675
0.00033278146957435312657674897351967
0.00032597090165857210350419670419342
0.00031928022123634740379177765490226
0.00031270604550986133909895592353223
0.0003062450163399650995832423916454
0.00029989380009666402170792620651696
0.0002936490875104972144218895557799
0.00028750759352480736953314166548523
0.00028146605714888145747740177959884
0.00027552124131197298787313010315358
0.0002696699327181901681416142935177
0.00026390894170225039387298049398112
0.00025823510208608497053586749991894
0.00025264527103631618425508276182256
0.00024713632892255435469230917533423
0.00024170517917656479753990561576416
0.00023634874815225197729716410943723
0.00023106398498649286139816627638766
0.0002258480569614788381095638047924
0.00022072441890303720005844789753269
0.00021570894376190876697528542305093
0.000210798990765089893891295891315
0.00020599193795973024380223381779587
0.0002012851821007147646441781674298
0.00019667613853888542686625118260935
0.00019216224110994080420157514854651
0.00018774094202396641615712691297801
0.00018340971175564372685345970737103
0.00017916603893506898048139375223542
0.00017500743023924982574683617553291
0.0001709314102842111264112662238901
0.000166935521517753515750165371756
0.00016301732411282761521509332425239
0.00015917439586155015499198406292436
0.00015540433206982385964424475677248
0.00015170474545259503436865633485553
0.00014807326602970692034505484357965
0.0001445075410223840828554536797057
0.00014100523475030576512831426150285
0.00013756402852929544848754883634712
0.00013418162056960355240503579565825
0.00013085572587479097229207214425628
0.0001275840761412022335372778991669
0.00012436441965803034888013445247168
0.00012119452120796423116432655175956
0.0001180721619684211009257759905644
0.00011499749584385265466831421710125
0.00011199431517755183487783376961033
0.0001090675597667548578622448429698
0.0001062149930939905293934485963625
0.00010343439459564084332079958450379
0.00010072355956753318293513815850915
9.8080299071077008663845087088617e-05
9.5502439839950575080525230209361e-05
9.2987824187325208904336681925429e-05
9.0534309913632392816974781002415e-05
8.8139770214863517806998249870531e-05
8.5802093591402859695110860727141e-05
8.3519183757393603657545599894263e-05
8.1288959550621507524174880199297e-05
7.9109354842929471775432592739463e-05
7.6978318451148623454208252958608e-05
7.4893814048545168603719657252071e-05
7.2853820076782267842370466315316e-05
7.0856329658392394978995432186508e-05
6.8899350509754269766653222983877e-05
6.6980904854580856455474602295652e-05
6.5099029337898871847879755936361e-05
6.3251774940536513122148198906558e-05
6.1437206894099672944802026375299e-05
5.9653404596442801495394941957429e-05
5.7898461527630823984010705052228e-05
5.6170485166384924045814702742163e-05
5.446763516134539974498235403999e-05
5.2803504840376258783803814500502e-05
5.1189069246337431321868666200814e-05
4.9622763228388428466755777357378e-05
4.8103032706049569120019399059984e-05
4.6628334604504803866803497314208e-05
4.5197136790271541300842428334761e-05
4.3807918007243548317013875914583e-05
4.2459167813097674771660033909981e-05
4.114938651606577131591979679115e-05
3.9877085112068263192484224299861e-05
3.8640785222209061511387112597404e-05
3.7439019030627082172853203889673e-05
3.627032922270474513170082642155e-05
3.5133268923629306929989207786136e-05
3.4026401637307060379228351720826e-05
3.2948301185624993933816206936882e-05
3.1897551648062275671691861989032e-05
3.087274730164568686168261035796e-05
2.9872492561249706460825212306354e-05
2.8895401920235463000697501145808e-05
2.7940099891433256589683489790055e-05
2.7005220948457710753625241051346e-05
2.6089409467362252451408388687071e-05
2.5191319668623836684154954079773e-05
2.4309615559462164415286886121059e-05
2.3442970876485194522530902672131e-05
2.2590248943962200968730777428384e-05
2.1761733017015400085169066213275e-05
2.0963297459787012079002535558381e-05
2.019397661703572054311094097212e-05
1.9452811579149248145384140662451e-05
1.8738850143260872116012655252959e-05
1.8051146774584979066806400549439e-05
1.7388762567972448577248434364861e-05
1.6750765209681752355291850520302e-05
1.6136228939367737477469239015804e-05
1.5544234512283208022274949566821e-05
1.4973869161695583615448272574167e-05
1.4424226561515033303065812242405e-05
1.3894406789133805231570457927592e-05
1.3383516288474997082470242804053e-05
1.2890667833250452165450711250472e-05
1.2414980490425543308854149093801e-05
1.1955579583889816249527709990375e-05
1.1511596658333199448640687956313e-05
1.1082169443325627175719015615751e-05
1.0666441817599059421360283006486e-05
1.0263563773530885587224360799841e-05
9.8726913818275057783827378110608e-06
9.4929867564074832224363387211952e-06
9.1236180194812388255824406324557e-06
8.7637592668290767992152895393687e-06
8.4125905332734400235298113934768e-06
8.072110037108846340020429366291e-06
7.7526362602611977845089644145737e-06
7.4542813493660867261297875430159e-06
7.1759876136958522310229334484344e-06
6.9167048274570217382493236835117e-06
6.6753901869950217206218373577897e-06
6.4510082682393491408006161447197e-06
6.2425309843864771035953920019779e-06
6.0489375438196773176807372052188e-06
5.8692144082644413834583090039398e-06
5.702355251177791594578529721371e-06
5.5473609163705800100658237228313e-06
5.4032393768610207447807003422469e-06
5.2690056939582171160497969797376e-06
5.1436819765747942618692653549139e-06
5.026297340766467979303582652717e-06
4.9158878694981593008911033293451e-06
4.8114965726346007541592598999447e-06
4.7121733471547041618488795011732e-06
4.6169749375879594945363756930412e-06
4.5249648966718669708419499342344e-06
4.4352135462291132210780816857998e-06
4.3467979382630125948124011348028e-06
4.2588018162702242778625515151614e-06
4.1703155767693255915034428182864e-06
4.0804362310440666391890551789601e-06
3.9895663191252230190316646618598e-06
3.9067969792656970467840948924021e-06
3.8335134557636484960033498858856e-06
3.7690561010326543312919534561845e-06
3.7127699164410856100542075719506e-06
3.6640045259075904988358297204032e-06
3.6221141496424185754888884491987e-06
3.586457578034340777607333339283e-06
3.5563981456818817423180291437124e-06
3.5313037055683050721656326270681e-06
3.51054660337943630799180383395e-06
3.4935036519635172334429656926247e-06
3.4795561059322686185983544010503e-06
3.468089636402410931527093285176e-06
3.458494305876763797575040165766e-06
3.4501645432642021107938739427068e-06
3.4424991190376272702793232494134e-06
3.4349011205292009526449017314809e-06
3.4267779273620274219688385669569e-06
3.4175411870175504231654083769909e-06
3.4066067905378438838547711098315e-06
3.3933948483620857640885755401872e-06
3.3773296662963764913135446266157e-06
3.3578397216162357891600272197241e-06
3.334357639300942302053049753896e-06
3.3063201683990265308268029220695e-06
3.2746130737660386464036015724544e-06
3.2441713689620076158613964228961e-06
3.2152224822776431770632483975181e-06
3.1874974960390196287399623004122e-06
3.1607293975048116156927480863148e-06
3.1346530681218484818795037838424e-06
3.1090052728395408014670613094932e-06
3.0835246494828724619224891156932e-06
3.0579516981835839105807652721358e-06
3.0320287708692433268937039408941e-06
3.0055000608098957063014401713819e-06
2.9781115922219315607897844461194e-06
2.9496112099288779275689607178856e-06
2.9197485690787648258818273022674e-06
2.8882751249177961113984592494974e-06
2.8549441226199372106237233531756e-06
2.8195105871721804485102464560287e-06
2.7817313133150996046704609560019e-06
2.7413648555384747401708622760452e-06
2.6981715181315540375559577229714e-06
2.6519133452877984941055064527227e-06
2.6023541112636088718532232505476e-06
2.5492593105909895881042680210182e-06
2.4923961483435350240482879929926e-06
2.43153353045575730970932586128e-06
2.3664666325500197846846365395956e-06
2.2983588306086929497237640596108e-06
2.2279577536829131685321755268481e-06
2.1552741625454532311623526141808e-06
2.0803187746369026372983412898066e-06
2.0031022642454744797494738117738e-06
1.9236352626857535367600228470852e-06
1.841928358476930215319872230495e-06
1.7579920975199350457096516414657e-06
1.6718369832740685561675445316987e-06
1.5834734769326655299962261502777e-06
1.4929119975980333554340046334219e-06
1.4001629224556629859825074638224e-06
1.3052365869475227758107283362876e-06
1.2081432849447456278106031307695e-06
1.1088932689194600031011486013233e-06
1.0074967501158871882420420273974e-06
9.0396389872063356350995405943949e-07
7.9830484403228851591636985179923e-07
6.9052967463029019812162725977522e-07
5.8064843854286728028261900177998e-07
4.6867114341454818570180309439399e-07
3.5460775667257775985337364677008e-07
2.3846820569286373024458711156193e-07
1.202623779650663659811612093628e-07
1.2125698728588624528276863689871e-13

