313813813.81381386518478393554688
191747177.78511613607406616210938
102369889.58631905913352966308594
56983570.499380588531494140625
34020820.890625737607479095458984
21748576.505575843155384063720703
14700171.492489758878946304321289
10389042.160766743123531341552734
7612152.3904110044240951538085938
5745070.8263702206313610076904297
4443638.7889026049524545669555664
3508822.8629917707294225692749023
2819995.0590641498565673828125
2301220.0607754183001816272735596
1902895.4718266387935727834701538
1591771.6824166697915643453598022
1345146.7545217773877084255218506
1147157.3881101862061768770217896
986412.41171650844626128673553467
854498.61958025314379483461380005
745121.3197141684358939528465271
653692.27272898552473634481430054
576664.06520156329497694969177246
511294.56404096947517246007919312
455447.48635302350157871842384338
407441.40026912325993180274963379
365940.32622089993674308061599731
329873.46119956258917227387428284
298376.94200668373377993702888489
270766.37139602669049054384231567
246463.67789595259819179773330688
224985.00716688056127168238162994
205929.33493871986865997314453125
188962.34490743337664753198623657
173803.80128155022975988686084747
160217.58542208970175124704837799
148003.77984767407178878784179688
136992.33764352736761793494224548
127037.98838358686771243810653687
118016.1150145869178231805562973
109820.75519800886104349046945572
102364.75918497121892869472503662
95566.568243881512898951768875122
89354.521955983509542420506477356
83666.171541562071070075035095215
78446.924492328762426041066646576
73648.912633827145327813923358917
69230.043002713558962568640708923
65153.198965694879007060080766678
61386.066649663982389029115438461
57901.701604689522355329245328903
54674.04886147170327603816986084
51679.63540048566937912255525589
48897.530160005037032533437013626
46309.028011475020321086049079895
43897.377872912657039705663919449
41647.548144772124942392110824585
39546.729765298005077056586742401
37583.328377063669904600828886032
35746.10234021685755578801035881
34024.902727118271286599338054657
32410.551475275617121951654553413
30894.734544699109392240643501282
29469.963206315707793692126870155
28130.230958894040668383240699768
26869.537545386585406959056854248
25682.129097093355085235089063644
24562.747339249406650196760892868
23506.580507506940193707123398781
22509.219740665379504207521677017
21566.620271944047999568283557892
20675.066832995853474130854010582
19831.142763240830390714108943939
19031.702384095438901567831635475
18273.846255069838662166148424149
17554.898977979122719261795282364
16872.389257907063438324257731438
16224.031966104013918084092438221
15607.711981566932081477716565132
15021.469615366466314299032092094
14463.487445472377658006735146046
13932.078410402618828811682760715
13425.675027925255562877282500267
12942.819620648602722212672233582
12482.155443962354183895513415337
12042.418623710747851873748004436
11622.43082141987179056741297245
11221.092554062297494965605437756
10837.377103391921991715207695961
10470.326814571993963909335434437
10119.253969532373957918025553226
9783.4369874017666006693616509438
9462.0567024688280071131885051727
9154.3460259674102417193353176117
8859.5861354534572456032037734985
8577.1029787658990244381129741669
8306.2640637096374121028929948807
8046.4755075066959761898033320904
7797.17932265140643721679225564
7557.8509181135123071726411581039
7327.9967968936061879503540694714
7107.1524327760898813721723854542
6894.8803107715566511615179479122
6690.7681172154188971035182476044
6494.4270668114522777614183723927
6305.4903550956823892192915081978
6123.611725861863305908627808094
5948.4641440484674603794701397419
5779.7385654501777025870978832245
5617.1427953942911699414253234863
5460.4004292240815630066208541393
5309.2498680642238468863070011139
5163.4434039156940343673340976238
5022.7463686451183093595318496227
4886.9363419021356094162911176682
4755.8024134228162438375875353813
4629.1444955623464920790866017342
4506.7726822495387750677764415741
4388.5066508732306829188019037247
4274.1751038993361362372525036335
4163.6152472797848531627096235752
4056.672302953868438635254278779
3953.1990529604040602862369269133
3853.0554128778326230531092733145
3756.1080324908789407345466315746
3662.2299217480581319250632077456
3571.3002234034443063137587159872
3483.24698722954281038255430758
3397.9909428533424033957999199629
3315.4213272738347768608946353197
3235.4325803082660968357231467962
3157.924063358067996887257322669
3082.799795318840097024803981185
3009.9682044730025154422037303448
2939.3418952901611191919073462486
2870.837429139615778694860637188
2804.3751179925420728977769613266
2739.8788302586185636755544692278
2677.2758079636223556008189916611
2616.4964945317137789970729500055
2557.474372488487915688892826438
2500.1458104494868166511878371239
2444.4499188034824328497052192688
2390.328413541180907486705109477
2337.7254877181840129196643829346
2286.5876900762114019016735255718
2236.8638103793191476142965257168
2188.5047710519347674562595784664
2141.4635247335404528712388128042
2095.694957390675881470087915659
2051.1557966509499237872660160065
2007.8045250459858834801707416773
1965.6012978708515674952650442719
1924.5078653867190041637513786554
1884.4874991112246789271011948586
1845.5097544664051838481100276113
1807.5579783301993757049785926938
1770.6001217256996369542321190238
1734.6037738376974175480427220464
1699.5377773794925815309397876263
1665.3721727865349748753942549229
1632.0781452135388462920673191547
1599.6279741784494490275392308831
1567.9949857062379123817663639784
1537.1535068345140189194353297353
1507.0788223513104640005622059107
1477.7471336432120097015285864472
1449.1355195393325629993341863155
1421.2218990434598708816338330507
1393.9849958530819549196166917682
1367.4043045700013863097410649061
1341.4600585127943759289337322116
1316.1331990466514980653300881386
1291.4053463510144865722395479679
1267.2587715500083049846580252051
1243.6763701349889288394479081035
1220.6416366125486092641949653625
1198.1386403151045669801533222198
1176.152002314750689038191922009
1154.6689949913879900122992694378
1133.681860735996224320842884481
1113.1767686884497834398644044995
1093.1398547762855741893872618675
1073.5577281729379137686919420958
1054.417452720475239402730949223
1035.7065291743278976355213671923
1017.4128782295924793288577347994
999.52482429067811153799993917346
982.03107994811841763294069096446
964.92073112832076731137931346893
948.1832228838151195304817520082
931.80834579331565237225731834769
915.78622294251215407712152227759
900.10729745801620538259157910943
884.76232056836033734725788235664
869.74234016726870777347357943654
855.03868985571841676573967561126
840.64297844051804986520437523723
826.54707986824894305755151435733
812.74312357452254218515008687973
799.2243719033300521914497949183
785.98761475709522983379429206252
773.02611334057814929110463708639
760.3327963031289300488424487412
747.90080703108219495334196835756
735.72349614969812137132976204157
723.79441432054420602071331813931
712.10730532136460624315077438951
700.65609939611158551997505128384
689.4349068633932802185881882906
678.43801197217351273138774558902
667.65986699406687421287642791867
657.0950865421044682079809717834
646.73844210629567896830849349499
636.58485679678699398209573701024
626.62940028583841467479942366481
616.86728394024771660042461007833
607.29385613624367579177487641573
597.90459774923397162638138979673
588.69511781114704263018211349845
579.66114932843242968374397605658
570.79854525411087706743273884058
562.10327460755195261299377307296
553.57141873595173819921910762787
545.19916771175337544264039024711
536.98281686050211192196002230048
528.91876341388456239656079560518
521.00350328292643098393455147743
513.23362794654440222075209021568
505.60582145086800665012560784817
498.11685751493263296652003191411
490.76359673855864684810512699187
483.54298390838829391213948838413
476.45204539824840139772277325392
469.48788666015559556399239227176
462.64768980245275997731368988752
455.92871125170057666764478199184
449.32954054096819618280278518796
442.84919562783915125692146830261
436.48504633115595652270712889731
430.23452286460150162383797578514
424.0951224539603003904630895704
418.06440733192351899560890160501
412.14000280051271829506731592119
406.31959535857851051332545466721
400.60093089195146376368938945234
394.98181292390785301904543302953
389.46010092372108601921354420483
384.03370867115035025562974624336
378.70060267481250093624112196267
373.45880064246091478707967326045
368.30637000128012914501596242189
363.24142646637392317643389105797
358.26213265570663679682184010744
353.36669674981669686530949547887
348.55337119469743356603430584073
343.82045144629512378742219880223
339.16627475514297884728875942528
334.58921898970385200300370343029
330.08770149704815821678494103253
325.66017799955358213992440141737
321.30514152635726077278377488256
317.02112137834524219215381890535
312.80668212550796170035027898848
308.66042263553492830396862700582
304.58097513256950605864403769374
300.5670042850807135437207762152
296.61720632184830037658684886992
292.73030817510374390622018836439
288.90506664989180762859177775681
285.14026761876681348439888097346
281.43472524096108600133447907865
277.78728120519946287458878941834
274.19680399536417780836927704513
270.66218817824091047441470436752
267.18235371261232558026676997542
263.75624527898219184862682595849
260.38283162924886937616975046694
257.06110495566656481969403102994
253.79008027845810602229903452098
250.56879485146615138546621892601
247.39630758525285614268796052784
244.27169848707731603099091444165
241.19442661644396252995647955686
238.16452162738721654022810980678
235.18114189813303482878836803138
232.24341815584611481426691170782
229.35050017961117418963112868369
226.50155632200696231848269235343
223.69577304421753183305554557592
220.93235446425683221605140715837
218.21052191789064522708940785378
215.52951353186347205337369814515
212.88858380904440537051414139569
210.28700322512085563175787683576
207.72405783648642341177037451416
205.19904889897128441589302383363
202.71129249708769748394843190908
200.26011918346446805117011535913
197.84487362815900723944650962949
195.46491427754813230421859771013
193.11961302250387007006793282926
190.80835487557541796377336140722
188.53053765690378895669709891081
186.28557168860757542461215052754
184.07287949738451970915775746107
181.89189552508449310153082478791
179.74206584701471456355648115277
177.62284789774912496795877814293
175.53371020421835169145197141916
173.47413212586550912419625092298
171.44360360166032819506654050201
169.44162490376919549817102961242
167.46770639768780597478325944394
165.52136830864603211921348702163
163.60214049410470238399284426123
161.70956222216548781034362036735
159.84318195572450349573045969009
158.00255714220327263319632038474
156.18725400869737995890318416059
154.39684736238638151917257346213
152.63092039605598415619169827551
150.88906449858660607787896879017
149.17087907026632365159457549453
147.4759713427925760242942487821
145.80395620383043819856538902968
144.15445602599766061757691204548
142.5271005001544040169392246753
140.92152647287517197582928929478
139.33737778798763429222162812948
137.77430513206437012740934733301
136.23196588375850524244015105069
134.71002396687617874704301357269
133.20814970708335067683947272599
131.72601969214645123429363593459
130.26331663561094842407328542322
128.81972924382216660887934267521
127.39495208619887023360206512734
125.98868546867025486335478490219
124.60063531019046934034122386947
123.23051302224779135485732695088
121.8780353912880087818848551251
120.54292446397242599687160691246
119.2249074351961724005377618596
117.92371653879135351417062338442
116.63908894084475775798637187108
115.37077451189524879282544134185
114.11882630750683631504216464236
112.88314327554738270009693223983
111.66346787967276554809359367937
110.45954734688415044274734100327
109.27113356704545310549292480573
108.09798299478107708182506030425
106.93985655369060339126008329913
105.79651954281985126726794987917
104.66774154532961915720079559833
103.55329633930526256335724610835
102.45296181064959739615005673841
101.36651986800768554530804976821
100.2937563596688193001682520844
99.234460992395952416700311005116
98.18842725213221456215251237154
97.155452326537371732229075860232
96.135337029305929945621755905449
95.127885726222800144569191616029
94.132906262911490102851530537009
93.150209894232119722801144234836
92.17961121528713874795357696712
91.220928093995155450102174654603
90.273981605191465860116295516491
89.338595966219131128127628471702
88.414598473971480530053668189794
87.501819443350910887602367438376
86.600092147107460505139897577465
85.709252757024273705610539764166
84.829140286415622540516778826714
83.959596533904559123584476765245
83.100466028450000521843321621418
82.251595975591143883320910390466
81.412836204880179025167308282107
80.584039118473285157051577698439
79.765059640852825850743101909757
78.955755169651794744822836946696
78.155985527554847180908836890012
77.365612915249002412565459962934
76.584501865398834752340917475522
75.812519197621867306224885396659
75.049533974439228245500999037176
74.29541745817897435699705965817
73.550043068808449220341572072357
72.8132863426740613022047909908
72.085024892126753570664732251316
71.365138366011677817368763498962
70.653508411002164280034776311368
69.950018633757224506553029641509
69.254554563883829132464597932994
68.567003617684889604788622818887
67.887255062673801830896991305053
67.215199982838512937632913235575
66.55073124463677913809078745544
65.893780759971150473575107753277
65.244395102843796507841034326702
64.602486818867163265167619101703
63.967954085897424931772548006848
63.340696688210535114649246679619
62.720615987617271969156718114391
62.10761489516190181348065380007
61.501597843391870412688149372116
60.90247075918555452744840295054
60.310141037125546858987945597619
59.724517513405345425780978985131
59.145510440257893947091361042112
58.57303146089339662694328580983
58.006993584936459740220016101375
57.447311164350466583528032060713
56.893899869838918448294862173498
56.34667666771320426732927444391
55.805559797216091055815923027694
55.270468748292167049385170685127
54.741324239793542005827475804836
54.218048198113372393436293350533
53.700563736236361478404433000833
53.188795133197928066692838910967
52.682667813943020007627637824044
52.182108329575818572720891097561
51.687044337992233522527385503054
51.197404584886292866485746344551
50.713118885123272150394768686965
50.234118104471079391259991098195
49.760334141682122321981296408921
49.291699910919064109293685760349
48.828149324515905504995316732675
48.369617276068481714901281520724
47.916039623846216954916599206626
47.467353174519686831445142161101
47.023495667195803093818540219218
46.584405757755504851047589909285
46.150023003486779771264991723001
45.720287848007018283169600181282
45.295141606468881434466311475262
44.874526451043365682380681391805
44.458385396674586331755563151091
44.046662287100588173416326753795
43.639301781134584246046870248392
43.236249339201172858793142950162
42.837451210122544864589144708589
42.442854418149138950866472441703
42.052406750230154841574403690174
41.666056743518502969436667626724
41.283753673105877624038839712739
40.905447539982986882023396901786
40.531089059220178683062840718776
40.160629648364526644854777259752
39.794021416048366290851845405996
39.431217150805402127389243105426
39.072170310089994416102854302153
38.716835009495717656591295963153
38.365166012168728570941311772913
38.017118718412788780369737651199
37.672649155481231275643949629739
37.331713967552872190935886465013
36.994270405887611730122443987057
36.66027631915864759548639995046
36.329690143957279246933467220515
36.002470895467460820782434893772
35.678578158305988665688346372917
35.35797207752593607210656045936
35.040613349779277996276505291462
34.726463214636204668295249575749
34.415483446057592686884163413197
34.107636344017997487298998748884
33.802884726275891580371535383165
33.501191920288484027423692168668
33.202521755268328718102566199377
32.906838554378666117372631561011
32.614107127065295799184241332114
32.324292761521768113652797183022
32.037361217285798886678094277158
31.75327871796414669347541348543
31.472011944083359225032836548053
31.193528026064310409992685890757
30.917794537317881520266382722184
30.64477948745943081121367868036
30.37445131564014744185442395974
30.106778883992493689447655924596
29.84173147118813318456886918284
29.579278766105776554695694358088
29.319390861607150355894191307016
29.062038248418815555851324461401
28.807191809118005920709038036875
28.554841339595910199022910092026
28.30500650578000332302508468274
28.057660411146859047448742785491
27.812773953065590859523581457324
27.570318419177905155947883031331
27.330265481480793710034049581736
27.092587190509668459981185151264
26.857255969619693303229723824188
26.624244609363952207559123053215
26.393526261966169244033153518103
26.165074435886573667175980517641
25.93886299047896315528305422049
25.714866130737377147852384950966
25.493058402130664319429342867807
25.273414685523306388859055005014
25.05591019218100257148762466386
24.840520458859327135314742918126
24.627221342973953710497880820185
24.415989017851021714022863307036
24.206799968056095906376867787912
23.999630984800308652893363614567
23.794459161422341963998405844904
23.59126188894463282963442907203
23.390016851702775113608367973939
23.190702023046526392136001959443
22.993295661111289973632665351033
22.797776304658601276287299697287
22.604122768984673541581287281588
22.412314141895361530032459995709
22.222329779746758049441268667579
22.034149303550002230167592642829
21.84775259513914491549257945735
21.663119793401136803367990069091
21.480231290566472068803705042228
21.299067728559830214862813591026
21.119609995409376779207377694547
20.941839221713571816962939919904
20.765736777164999438127779285423
20.59128426712937098841393890325
20.418463529279570423113909782842
20.247256630283246181534195784479
20.077645862543064936289738398045
19.909613740988984176283338456415
19.743142999921165170462700189091
19.578216589903224331692399573512
19.414817674704313077427286771126
19.252929628289571439836436184123
19.092536031858212908218774828129
18.933620670927808760097832418978
18.776167532464810960846079979092
18.62016080205974333239282714203
18.465584861146748352211943711154
18.31242428426656942974659614265
18.160663836372258117535238852724
18.010288470176789132892736233771
17.86128332354197212339386169333
17.71363371690782173573097679764
17.567325150761899266171894851141
17.422343303147634685501543572173
17.278674027211224029088043607771
17.13630334878645200546998239588
16.995217464016473485344249638729
16.855402737012319391851633554325
16.716845697547267235449908184819
16.579533038786525622754197684117
16.443451615051632330732900300063
16.308588439619086329912533983588
16.17493068255231847274444589857
16.042465668566887160295664216392
15.911180874927973505350564664695
15.78106392937980473334391717799
15.652102608106435610579865169711
15.524284833723326570975586946588
15.39759867329932241375445300946
15.272032336408331687493955541868
15.147574173210418990720427245833
15.024228192619366595295105071273
14.902000843098729632174581638537
14.780880330953886314659939671401
14.660854975859107796054559003096
14.541913237421590920916969480459
14.4240437132999748115480542765
14.307235137351170806141453795135
14.191476377804750796940425061621
14.076756435464629291232085961383
13.963064441937429904783130041324
13.8503896578873071376847292413
13.738721471316523548011900857091
13.628049395871629556609150313307
13.518363069174611723610723856837
13.409652251178735937742203532252
13.301906822548628994695718574803
13.195116783064207766074105165899
13.089272250048116674747689103242
12.984363456816121029646637907717
12.880380751150413587424736761022
12.777314593795084718408361368347
12.67515555697367446441603533458
12.573894322928298450392503582407
12.473521682480139816107111983001
12.374028533610763602723636722658
12.275405880064134578333323588595
12.177644829968819806254032300785
12.080736594480269374685121874791
11.98467248644257310274952033069
11.889443919069659472143030143343
11.795042404645391442841173557099
11.701459553242514743942592758685
11.608687071459847572896251222119
11.516716761177779204672333435155
11.425540518331397166207352711353
11.335150331701333570322276500519
11.245538281721785267563973320648
11.15669653930557458920702629257
11.068617364685968240678448637482
10.981293106274900850394260487519
10.894716199537466394531293190084
10.808879165882355977146289660595
10.723774611567984393900587747339
10.639395226624150936345358786639
10.555733783788783242130193684716
10.472783137459861890761203540023
10.390536222661898690944326517638
10.308986054027128531629386998247
10.228125724790825046284226118587
10.147948405800839566381910117343
10.06844734454090684039329062216
9.9896158641676677802934136707336
9.9114473625610610696412550169043
9.8339353113879859336066147079691
9.7570732551790175790529247024097
9.6808548104178893112248260877095
9.6052736646436347456301518832333
9.5303235755651964922208208008669
9.4559983701882419637740895268507
9.382291943954035318142814503517
9.3091982598902802692464319989085
9.2367113477734932303064852021635
9.1648253033030648850854049669579
9.093534287286571426989212341141
9.0228325248362803989721214747988
8.9527143045766841567001392832026
8.8831744047205933867417115834542
8.8142206028517424698520699166693
8.7458535005080655366782593773678
8.6780673308259199671965689049102
8.6108563905759432088871108135208
8.5442150393810383235404515289702
8.4781376989449768188933376222849
8.4126188522914571166211317176931
8.3476530430135476024133822647855
8.283234874533228264681383734569
8.2193590093710149346861726371571
8.1560201684254067799884069245309
8.093213130262068233378158765845
8.030932730412608577807986875996
7.9691738606827788871100892720278
7.9079314684699468784856435377151
7.8472005560897937215258934884332
7.7869761801119468103138387959916
7.727253450704601789311709580943
7.6680275309878149769815536274109
7.6092936363954777334583923220634
7.5510470340457906956999067915604
7.4932830421201090942417977203149
7.4359970292500383592937396315392
7.3791844139126849810850217181724
7.3228406638339160750206247030292
7.2669612953995219584157894132659
7.2115418730741565056518993515056
7.1565780088279620230196087504737
7.1020653615707542982704580936115
7.0479996365936434798982190841343
6.9943765850180348309095279546455
6.9411920032518175105451518902555
6.8884417324527351667029506643303
6.8361216579987624797354328620713
6.7842277089653979516015169792809
6.7327558576098294196299320901744
6.6817021188617795601771831570659
6.6310625498210251649311430810485
6.5808332492614534103836376743857
6.531010357141525446422747336328
6.4815900541211535212937633332331
6.432568561084786473713847954059
6.3839421386707355665635077457409
6.3357070868064884194836849928834
6.2878597442501273917514481581748
6.2403964881376090545472834492102
6.1933137335358754427261374075897
6.1466079330017224791049557097722
6.1002755761463474115657845686655
6.0543131892054713460993298212998
6.0087173346149498343038430903107
5.9634846105918670744472365186084
5.9186116507209387549437451525591
5.8740951235462190993530384730548
5.829931732168005531491417059442
5.7861182138448619127757410751656
5.7426513396007390355180177721195
5.6995279138370582572292732947972
5.6567447739497165315469828783534
5.6142987899509444460477425309364
5.5721868640959790752731350949034
5.530405930514397994102182565257
5.488952954846163301283468172187
5.4478249338822237746171595063061
5.4070188952096378542933052813169
5.3665318968611721572870010277256
5.3263610269693080212505265080836
5.2865034034245725891310030419845
5.2469561735381429201652281335555
5.207716513708700034612775198184
5.1687816290934209817464761727024
5.1301487532830902793534733064007
5.091815147981257894116424722597
5.0537781026873958012401999440044
5.0160370976366639439447681070305
4.9785992231289073473021744575817
4.9414628444326131884167807584163
4.9046251413995545220814165077172
4.8680833230271476352868376125116
4.8318346271271872538477509806398
4.7958763199987384240330356988125
4.7602056961050944750013513839804
4.7248200777547495476937911007553
4.6897168147863483866899514396209
4.6548932842575423407538437459152
4.6203468901377000577213038923219
4.5860750630044533338036671921145
4.5520752597439395614742352336179
4.5183449632548216001737273472827
4.4848816821558949996529008785728
4.4516829504973518538690768764354
4.4187463274755627296030979778152
4.3860693971514121969335064932238
4.3536497681720280894523966708221
4.3214850734959968647785899520386
4.2895729701219007523604886955582
4.2579111388201935639585826720577
4.2264972838683734224218824238051
4.1953291327893529327752730750944
4.1644044360930481118998613965232
4.133720967021120351603258313844
4.103276521294823453445133054629
4.0730689168658740229034265212249
4.0430959936704331525447742023971
4.0133556133859897840920893941075
3.9838456591912470017291525437031
3.9545640355288749212547827482922
3.9255086678711728076507370133186
3.8966775024885116351924807531759
3.8680685062206250357519365934422
3.839679666250607859012689004885
3.8115089898816756353028267767513
3.7835545043165761391890100640012
3.7558142564396561624562309589237
3.7282863126015692856185523851309
3.7009687584065309451375469507184
3.6738596985021367835599903628463
3.6469572563716847746206894953502
3.6202595741289882447233594575664
3.5937648123156256119159479567315
3.5674711497006144078625311522046
3.5413767830824718352289437461877
3.5154799270936250010777257557493
3.48977881400711664738878425851
3.4642716935456685511951491207583
3.4389568326929400576830175850773
3.4138325155070803340606744313845
3.3888970429364158043483712390298
3.3641487326373824551239977154182
3.3395859187945706736400097724982
3.3152069519428999377907985035563
3.2910101987918736199389968533069
3.266994042051930335901488433592
3.2431568802627945835581613209797
3.2194971276238910640188350953395
3.1960132138266899026746159506729
3.1727035838890698116188104904722
3.1495666979915766248154795903247
3.1266010313156202826689877838362
3.103805073883546761237539612921
3.0811773304005796170201847417047
3.0587163632368552512730275338981
3.0364258654243898583047212014208
3.01430785320601746235524842632
2.9923607717812497064358012721641
2.9705830815785989607036299275933
2.9489732580934191474852923420258
2.9275297917276392745122848282335
2.9062511876313430470020193752134
2.8851359655461967790301969216671
2.8641826596506798630059620336397
2.8433898184071177972498389863176
2.8227560044104484937577126402175
2.8022797942387782654805050697178
2.7819597783056262407797021296574
2.7617945607138789654300126130693
2.7417827591114325436194576468552
2.7219230045484770208474856190151
2.7022139413364385518434573896229
2.6826542269085176251053326268448
2.6632425316818442162514202209422
2.6439775389211841449821349669946
2.6248579446042392682159061223501
2.605882457288447362486749625532
2.5870497979793305454165874834871
2.5683587000003242906132072675973
2.5498079088641016909377867705189
2.531396182145349893488628367777
2.5131222893549924890521651832387
2.4949850118158591882888686086517
2.4769831425397308422020614671055
2.4591154861058028835429922764888
2.4413808585405134543577787553659
2.4237780871987339992301713209599
2.4063060106462956788675455754856
2.3889634785438480513164449803298
2.3717493515320149377600955631351
2.3546625011178621278418177098501
2.3377018095626143079357461829204
2.320866169770662512661374421441
2.3041544851798012594201736646937
2.2875656696526891487053489981918
2.271098647369546696950237674173
2.2547523527220398875670070992783
2.2385257302083467756403933890397
2.2224177343294080344549001893029
2.2064273294863299135215584101388
2.1905534898789267295171612204285
2.1747951994053904556380985013675
2.1591514515631038406695552112069
2.1436212493505024667683755978942
2.1282036051700861101210193737643
2.1128975407324586122115306352498
2.0977020869614633191702068870654
2.0826162839003461435538611112861
2.0676391806189688971073792345123
2.052769835122046249153981989366
2.0380073142583916556702661182499
2.0233506936311673740647165686823
2.0087990575091190237344562774524
1.994351498738798023069307419064
1.9800071186577272719375741871772
1.9657650270085524901730877900263
1.9516243494972049798974467194057
1.9375874245833775155745115625905
1.9236559764957930074302794309915
1.90982907967574089269646719913
1.8961058172347775574451134161791
1.8824852808674188420212658456876
1.8689665707647789005818594887387
1.8555487955291587454098589660134
1.8422310720895571645172594799078
1.8290125256180933543959099552012
1.8158922894473616960198114611558
1.8028695049886609425016104069073
1.7899433216511160260608903627144
1.7771128967616809379848064054386
1.7643773954860126895738403618452
1.7517359907501806048912840196863
1.7391878631632440299625841362285
1.7267322009406551597265888631227
1.7143681998284878709171152877389
1.7020950630284850113582706399029
1.6899120011239154859339350878145
1.6778182320062222654399874954834
1.6658129808024668694343972674687
1.6538954798035412352419371018186
1.6420649683931656248603303538403
1.6303206929776299372036874046898
1.6186619069163081796602909889771
1.6070878704528910319027090736199
1.5955978506473744715776774683036
1.5841911213087647158914705869392
1.5728669629285065845181179611245
1.561624662614612413236159227381
1.5504635140265041748364183149533
1.5393828173105388312791319549433
1.5283818790362255768400245869998
1.517460012133119207078379986342
1.5066165358283816200213323099888
1.4958507755850030118693894110038
1.4851620630406874301598918464151
1.474549735947367157251619573799
1.4640131381113841158025934419129
1.4535516193342687962797299405793
1.4431645353541782128559134434909
1.4328512477879236097777493341709
1.4226111240736294405451189959422
1.4124435374139809873383910598932
1.4023478667200854896890405143495
1.3923234965559005971158512693364
1.3823698170832698917109837566386
1.3724862240075177410858486837242
1.36267211852362479795885974454
1.3529269072629621639691777090775
1.3432500022405815531811867913348
1.3336408208030652300379870212055
1.3240987855769066339206574411946
1.3146233244174470033982515815296
1.305213870358324257381354982499
1.295869861561468550092968143872
1.2865909187201023389235388094676
1.2773793118984693162332177962526
1.2682354426428534832638206353295
1.259158730657127911456427682424
1.25014860086110513037738201092
1.2412044833406283839138950497727
1.2323258132981627088753384668962
1.2235120310039098168175542014069
1.2147625817474192455591719408403
1.2060769157896973347021685185609
1.197454488315809362219965805707
1.188894759387970623265573522076
1.180397193899112684434271614009
1.1719612615269352495772636757465
1.1635864366884129950108217599336
1.1552721984947915689900810320978
1.1470180307070172442962530112709
1.138823421691641524233773452579
1.1306878643771680614804608921986
1.122610856210846552727389280335
1.114591899115902062789018600597
1.1066304994492113245030395773938
1.0987261679593933738630084917531
1.0908784197453444964054369847872
1.0830867742151772947778454181389
1.0753507550455889685281363199465
1.0676698901416361575655855631339
1.0600437115969147949812168008066
1.0524717556541514085211019846611
1.0449535626661832221628856132156
1.0374886770573426009178774620523
1.0300766472852198596399375674082
1.022717025802824641900201640965
1.0154093690211183353966362119536
1.0081532372719297363516943732975
1.0009481947712430827124308052589
0.99379380958285246094874310074374
0.98668965358238469587348618006217
0.97963530242168317396789234408061
0.9726303354935488254540132402326
0.96567433589683149275373352793395
0.95876689040187490498112765635597
0.95190758941630748690698737846105
0.94509602695117111981204516268917
0.93833180058739495965625110329711
0.93161451144259743717412902697106
0.9249437641382222130559398465266
0.91831916676700409141176351113245
0.91174033086075600973430255180574
0.90520687135847455184745058431872
0.8987184065747729766471252332849
0.89227455816861134252349074813537
0.88587495111235248224090810253983
0.87951921366111840416834866118734
0.87320698171654420605136692756787
0.86693946557103473971039875323186
0.86071755370506397575525170395849
0.85454085597040618793585053936113
0.84840898563994371350815981713822
0.84232155937614383578448951084283
0.83627819719984797242062768418691
0.83027852245936029085271457006456
0.82432216179984973969396833126666
0.81840874513304895376819558805437
0.8125379056072504768692965626542
0.8067092795775978597561106653302
0.80092250657667196644950990958023
0.79517722928535972126695696715615
0.78947309350401373428951501409756
0.783809748123892591209482816339
0.77818684509887880995648856696789
0.77260403941747557432506710028974
0.76706098907507658246629489440238
0.76155735504650756695355084957555
0.75609280125883093770511322873062
0.75066699456442420590462916152319
0.74527960471431176081580360914813
0.73993030433176198989997374155791
0.73461876888613919511783478810685
0.72934467666701163768294691180927
0.72410770875850416494756700558355
0.71890754901391029640933538757963
0.71374388403054400686897906780359
0.7086164031248339822965931489307
0.7035247983076623468079446865886
0.6984687642599441970148177460942
0.6934479983084360643630361664691
0.68846220040178363053229304568958
0.68351107308680192353733673371607
0.67859432148497655923335969418986
0.67371165326920123828102759944159
0.66886277864073351295814973127563
0.6640474103063728206208793380938
0.65926526345586056176983902332722
0.65451605573949345195927662643953
0.64979950724595758604351658505038
0.64511534048037033617362112636329
0.64046328034253185990110068814829
0.63584305410539410097214840789093
0.63125439139372463426269632691401
0.62669702416297878855289127386641
0.62217068667838015816329289009445
0.61767511549419196192900471942266
0.61321004943319001867507722636219
0.60877522956633256523417685457389
0.60437039919262469656047187527292
0.5999958851598774511870715286932
0.59565284271888607747769128764048
0.59134107235251220924254766941885
0.58706031299641558973689825506881
0.58281030578733183933337613780168
0.57859079404369495591708982829005
0.5744015232464372289200582599733
0.57024224101997156299859170758282
0.56611269711335265863993981838576
0.56201264338161482925215750583448
0.5579418337672831240681148301519
0.55390002428205864504207056597807
0.54988697298867661444887744437438
0.54590243998293086491457870579325
0.54194618737586819356977230199846
0.53801797927615058192429842165438
0.53411758177257750990207796348841
0.53024476291677558048576202054392
0.52639929270604590705318059917772
0.52258094306637548065452847367851
0.51878948783560074886622714984696
0.51502470274673450845170918910298
0.51128636541144112381829245350673
0.50757425530366961918815604803967
0.50388815374343598474382588392473
0.50022784388075869355105851354892
0.49659311067973943565334593586158
0.49298374090279428738625711048371
0.48939952309502954275188812971464
0.48584024756876015294082549189625
0.48230570638817676920595545198012
0.47879569335414534636541361578566
0.47531000398915723703652247422724
0.47184843552240962605281993091921
0.46841078687502762933902999975544
0.4649968586454232832849697842903
0.46160645309478465225794252546621
0.45823937413270132701370584982214
0.45489542730292786831824969340232
0.45157441976926071536269091666327
0.44827616030156813842211249721004
0.44500045926192527412368349359895
0.44174712859089748651086893005413
0.43851598179392692333777858948451
0.43530683392786623242542987100023
0.43211950158761880391722343119909
0.42895380289290963027326597512001
0.42580955747517018616932205077319
0.42268658646455298244504206195415
0.41958541915649455456005512132833
0.41650671049667015166662054070912
0.41345026937495826802049236903258
0.41041590469422539744215328028076
0.40740342695766518232858288683929
0.40441264825503547841734075518616
0.40144338224902831324669705281849
0.39849544416175985972472517460119
0.39556865076138436609909376784344
0.39266282034882582507862025522627
0.38977777274463892842604195720924
0.38691332927597893442950294229377
0.38406931276369543626358904475637
0.38124554750954309234600714262342
0.37844185928350476677550773274561
0.37565807531123396323380347894272
0.3728940242616039513201542376919
0.37014953623437857332945100097277
0.36742444274798558012662397231907
0.36471857672740642941633382179134
0.36203177249217094457733878698491
0.359363865744463273355080445981
0.35671469355733365080851626771619
0.35408409436301496731047677712922
0.35147190794134819391558721690672
0.3488779754083071726888931607391
0.34630213920462971088909398531541
0.34374424308454920584665615024278
0.34120413210462863240479691739893
0.33868165261269261856469370286504
0.33617665223686182818241263703385
0.33368897987468043586645194409357
0.33121848568234785181729762371106
0.32876502106403870939743683265988
0.32632843866132765775489588122582
0.32390859234269847588549851025164
0.32150533719315493863533106377872
0.31911852950391894623294319899287
0.31674802676222552078044714107818
0.31439368764120334542866430638242
0.31205537198985056068778476401349
0.3097329408230937719537223529187
0.30742625631194309132609987500473
0.30513518177372639383904129317671
0.30285958166241866429402307403507
0.30059932155904817152602959140495
0.29835433326307342349892337551864
0.29612534548530472511274069802312
0.29391249083724052537647253302566
0.29171563414875639752565916751337
0.28953464134168793719936729758047
0.28736937942080825747481753751345
0.2852197164648840321810041587014
0.2830855216178098654467021333403
0.28096666507981771232493883871939
0.27886301809876579138602892271592
0.27677445296150454678851815515372
0.27470084298531038946578064496862
0.27264206250940470344090726939612
0.27059798688653768916623221230111
0.26856849247464897878501233208226
0.26655345662860174815733671493945
0.26455275769198566271356298784667
0.26256627498899248740471534802055
0.26059388881636358359372707127477
0.25863548043540368626125314222008
0.25669093206406667917462982586585
0.25476012686910903815018514251278
0.25284294895831016525278300832724
0.25093928337276205642325521694147
0.24904901607922272366302252066816
0.24717203396253828451278877764707
0.24530822481812841751036557980115
0.24345747734453926369724285905249
0.24161968113605555852352324563981
0.2397947266753829020924371207002
0.23798250532638659526796232057677
0.23618290932689872674288267262455
0.23439583178158163168092187333968
0.23262116665485776945132556647877
0.23085880876389527904812837277859
0.22910865377165931522362996020092
0.22737059818001645328244819665997
0.22564453932290540194571804022416
0.22393037535955828687406210519839
0.2222280052677884920608875063408
0.22053732883732796166142975380353
0.21885824666322761800074658822268
0.21719066013930984904156673565012
0.21553447145167969889456571763731
0.21388958357229001516763844392699
0.21225607117429373671413372903771
0.21063451070961058952946132194484
0.20902486746004214634986340115574
0.20742703786077809624543988320511
0.20584091918111419028392106156389
0.20426640951769137188875902211294
0.20270340778779913359919362392247
0.20115181372273113757920270927571
0.199611527861198095878947356141
0.19808245154279796595986340435047
0.19656448690154007530317414875753
0.19505753685942381348006335883838
0.19356150512007369579592364061682
0.19207629616242619108312794651283
0.19060181523447075613297840845917
0.18913796834704399429938348475844
0.18768466226767585580681441115303
0.18624180451448812956272149676806
0.18480930335014389420678071473958
0.18338706777584892759769275016879
0.18197500752540257673572909880022
0.18057303305929914283289861032245
0.17918105555887986479746132317814
0.17779898692053253128619871858973
0.17642673974994096952606525974261
0.17506422735638274557068427839113
0.1737113637470739380130879681019
0.17236806362156273375596526875597
0.17103424236616904252628046378959
0.16970981604847132362401396221685
0.1683947014118391261039420214729
0.1670888158700121473021482643162
0.16579207750172356150564212384779
0.16450440504536981145555785133183
0.16322571789372355977043582697661
0.16195593608869252033599650530959
0.16069498031611967325815726326255
0.15944277190062935978254188285064
0.15819923280051492731068663033511
0.15696428560266981189208479463559
0.15573785351755997652389851282351
0.1545198603742398701932359017519
0.15331023061540657859147529507027
0.15210901785983779732625009728508
0.15091671200898182370053746126359
0.14973330086151592777099494924187
0.14855870574786697591029849263577
0.14739284862357265870613787228649
0.14623565206434152585757146880496
0.14508703926115362747850667801686
0.14394693401540026300722274754662
0.14281526073406553001277075054531
0.14169194442494698060741598055756
0.14057691069191469157573237680481
0.13947008573021071886621768953773
0.1383713963217858000653848193906
0.13728076983067580285613473733974
0.13619813419841539370302996303508
0.13512341793948901003119544839137
0.13405655013682007958841779782233
0.1329974604372960167442130341442
0.13194607904733188230572693555587
0.13090233672846779411358397737786
0.12986616479300450155420776354731
0.1288374950996735990305097629971
0.1278162600493430722803367416418
0.1268023925807593987880039776428
0.12579582616632267733081107508042
0.12479649480789663240631881535592
0.12380433303265392375180908857146
0.12281927588895388825385168729554
0.12184125894225521224978336931599
0.12087021827106085580805228119061
0.11990609046289632533266455993726
0.11894881261032154429191365352381
0.11799832230697367141392106759668
0.11705455764364341986194517630793
0.11611745720438235163207707500987
0.11518696006264281250786041255196
0.11426300577744742670294186837054
0.11334553438959281412845570002901
0.11243448641788000852415052577271
0.1115298028553790565808867540909
0.11063142516572205265035222510051
0.10973929647349822680268971453188
0.10885370225882054495691875217744
0.10797485243453126824153542884233
0.10710268596312286226712728876009
0.10623714228678901583258209484484
0.10537816132371512212184683221494
0.10452568346440270496966462587807
0.10367964956801950515696830734669
0.10284000095878247094116630933058
0.10200667942236631147157055465868
0.10117962720234380258332862467796
0.10035878699665243263261515949125
0.099544101954090843942246635833726
0.098735515670841877966523725262959
0.097932972187024999732862795553956
0.097136415983274659868840217313846
0.096345791977347536305664732481091
0.095561045520755547033608934270887
0.094782122395426882111024724508752
0.094008968810392334880532416718779
0.093241531398499818972247510373563
0.092479757213152921635490599783225
0.091723593725077864902139879177412
0.090972988819113836944652007332479
0.090227890791030634920488751049561
0.089488248344370510678480457045225
0.088754010587315995683965752505173
0.08802512702958210921710957563846
0.087301547579332935966611728417774
0.086583222540123405686074420373188
0.085870102607865317345670064241858
0.085162138867816539189448121760506
0.084459282791594703088122741974075
0.083761486234215393187341192060558
0.083068701431151553693510436460201
0.082380880995419084045217061884614
0.08169797791468252912139291765925
0.081019945548386304579047134666325
0.080346737624906627850407403457211
0.079678308238727041379334536941315
0.079014611847635876640261187731085
0.078355804386962213392564535752172
0.077702126337040197667782592816366
0.077053533104060753511355130740412
0.076409978289366811687877145686798
0.075771415852466605933557275420753
0.075137800108334401594234464027977
0.074509085724734913647182565910043
0.073885227719566126669548111749464
0.073266181458225068667822199586226
0.072651902650992278287489511967578
0.072042347350438087905111217423837
0.071437471948847891534128962121031
0.070837233175668479212561123858904
0.070241588094973120282027423399995
0.069650494102947463348485257483844
0.069063908925394434934474929832504
0.068481790615258331111903089549742
0.067904097550168476815635187904263
0.067330788430001786704082178403041
0.066761822274464116544478997639089
0.066197158420690974112154947306408
0.065636756520865410791110150512395
0.065080576539856452300547573486256
0.064528578752873641533049919871701
0.063980723743141426629321699692809
0.063436972399590244031664099111367
0.062897285914566697373473402876698
0.062361625781560209302867292535666
0.061829953792948089130732114426792
0.061302232037757684035561567270634
0.060778422899445620763980713263663
0.060258489053694921921966454192443
0.05974239346622786661633597304899
0.059230099390636975487112181326665
0.05872157036623178172352055526062
0.058216770215902734209034719015108
0.057715663044001309922581555156285
0.057218213234236238451391187709305
0.056724385447586588016033459780374
0.056234350954125836286046080658707
0.055748289272544444827861553903858
0.055266160595198954297302407212555
0.054787925387046465530715977365617
0.05431354442326234710503030100881
0.053842978786919605538319189008689
0.053376189866688322771537400512898
0.052913139354551046167340899728515
0.052453789243536816377933007515821
0.051998101825471779169340891257889
0.05154603968874776204200927054444
0.051097565716106914390781668089403
0.050652643082444853694923381226545
0.050211235252628473590963409378674
0.049773305979332799209302606868732
0.049338819300892559904792022962283
0.048907739539170748399588006805061
0.048480031297444034499299903018255
0.048055659458303381925681208031165
0.047634589181571297678008392040283
0.047216785902234832683621590376788
0.046802215328394007609613680642724
0.046390843439226746303116755143492
0.045982636482967936819576948437316
0.045577560974905381718791375078581
0.045175583695389723293267536519124
0.044776671687860633563893486552843
0.044380792256886840430052387773685
0.043987912966222224298018517174569
0.043598001636875730047115951037995
0.043211026345196454356845094935125
0.042826955420973200627798860296025
0.042445757445548536190838007087223
0.042067401249946748120756012667698
0.041691855913016336032672626288331
0.041319090759586757366506049038435
0.040949075358638731270133348516538
0.040581786533334864019995080752778
0.040217435528491947416274143733972
0.039856110712536196860611426018295
0.039497781686006164236779625298368
0.039142418283163213366115940061718
0.038789990570287098681223625362691
0.03844046884398354124723340419223
0.038093823629504752759089569735806
0.037750025679082858942603451168907
0.037409045970274841519387365451621
0.037070855704321059587158515569172
0.036735426304514692819047638749907
0.036402729414584618361505619077434
0.036072736897089160978957522729615
0.035745420831822832807844747549098
0.035420753514234105951974385106951
0.035098707453855633453532192334023
0.034779255372745711272219892862267
0.034462370203941328217212003437453
0.03414802508992308138768834169241
0.033836193381091235476976208929045
0.033526848634252856551363208836847
0.033219964611121054198772384324911
0.032915515276824049151205286989352
0.032613474798426571321652289725535
0.032313817543461458015041642966025
0.032016518078472389063904302020092
0.031721551167567287043969059823212
0.03142889177098288217004906641705
0.031138515043659074910120665435898
0.030850396333824747774343677519937
0.030564511181593423394531328085577
0.030280835317569622378020000041943
0.029999344661465351946638691060798
0.029720015320726930058148340663138
0.029442823589171933373886957951981
0.02916774594563614417253027966126
0.028894787776604907020283619090151
0.028624146292928111939835034149837
0.028355842992594425949759440186426
0.028089853097471261661466357395511
0.027826152019453119501601889851372
0.027564715359097397701093612454315
0.027305518904270388580446393689272
0.027048538628802291927666345827674
0.02679375069115318488965904464294
0.026541131433087783442203999584308
0.026290657378360563628527657442646
0.026042305231410135812897266305299
0.025796051876063260527294218604766
0.025551874374248269988774140415444
0.025309749964718051412626564911079
0.025069656061782033540374925451033
0.024831570254047873741454210971824
0.02459547030317162791268614796536
0.024361334142618002590596759660002
0.024129139876428597200064274375109
0.023898865777999891979455071577831
0.02367049028886966319240592326878
0.023443992017512651354627095656724
0.02321934973814442776385291722363
0.022996542389534579964305294197402
0.022775549073827963675320518177614
0.022556349055375075896012759812947
0.022338921759570265490602025693079
0.022123246771699051071990993477812
0.021909303835793338816051445405719
0.021697072853495088379238708853336
0.021486533882928253447186506264188
0.021277667137579042017092589844651
0.021070452985183757421694394906808
0.02086487194662551072910083860279
0.020660904694838118367261614594099
0.020458584567937480175325859477198
0.02025807861554055483432890127915
0.02005938278005580180374245458097
0.019862476602182262824802805312174
0.019667339779439609037670066982173
0.019473952165058188573665276521751
0.019282293766877515311941593267875
0.019092344746252223885996102126228
0.018904085416966396465676680804791
0.018717496244154904760925717255304
0.018532557843233439520691518964668
0.018349250978835444231274109938568
0.018167556563756806498055595966434
0.01798745565790861589139382203939
0.017808929467276708030754051037547
0.017631959342889119007891096657659
0.017456526779790836056971414791406
0.01728261341602577161324916232843
0.017110201031625957290849271430488
0.01693927154760845391057166864357
0.01676980702497861061561756912397
0.016601789663741296776411360269776
0.016435201801918510738920176095235
0.016270025914574371556087228896104
0.016106244612847014918699528607249
0.015943840642987299610622287104889
0.015782796885404466735725037551674
0.015623096353718524467724115822875
0.015464722193819419038263163201918
0.015307657682932887879823091736853
0.015151886228692979310950228466481
0.014997391368221361929169432869458
0.014844156767212565023461579016839
0.014692166219026657481006026273462
0.014541403643787559341049586691952
0.014391909088882562373079565531953
0.014243815403243180114922772361297
0.014097114452027279321577601933768
0.013951790177403488105167816968333
0.01380782664294891680378807308216
0.013665208032806920243618087340565
0.013523918650850841327581974837813
0.013383942919853428904497505413929
0.013245265380662491969121496993012
0.013107870691381820482668274507887
0.012971743626558266196391322466752
0.012836869076374442244503626398
0.012703232045846802114597018373843
0.012570817654029634025114603446127
0.0124396111332246914193966347284
0.012309597828196038038495174760101
0.012180763195390591560607340682054
0.012053092802164168048650871867267
0.011926572326012773936354527393178
0.011801187553809502905899364577635
0.011676924381046451320576018417796
0.011553768811082266304568477721659
0.011431706954394695030519102374456
0.011310725027838572365190827895276
0.011190809353908702170055100566515
0.011071946360008189103041331691202
0.010954122577721728259980693565012
0.010837324642093953269705863817762
0.010721539290912766514973775144881
0.010606753363997899544668435112271
0.010492953802494077442108988407199
0.010380127648169496651364696049313
0.010268262042718826962395262114569
0.010157344227071301440146200434356
0.010047398388767170285262864126707
0.0099385464441728160744915498980845
0.0098307866166807023750040528398131
0.0097241046687627768346784407071937
0.0096184864717862254140934297197418
0.0095139180052643667478973199536085
0.0094103853561125928167685472658377
0.0093078747179094738911642181733441
0.0092063723901629600926410645911346
0.0091058647775817506964113334788635
0.009006338389351588313846974642729
0.0089077798384166358147684405821565
0.0088101758407656792504436538138179
0.0087135132147235887234426598979553
0.0086177788802470987189474627143682
0.0085229598582261568984197452891749
0.0084290432697894449032283148426359
0.0083360163356151588398557095160868
0.0082438663752462375960972096322621
0.0081525808064104761385681996443964
0.0080621471443452948080210518355671
0.0079725530011270761415742569511167
0.0078837860850052895317352508186559
0.0077958341997409518267514449973987
0.0077086852439499104622244729512204
0.0076223272104505024326925877176109
0.0075367481856156324712681104927015
0.0074519363487294638589975015463551
0.007367879971348440838740945224572
0.0072845674166667146245957020767037
0.0072019871388859521901815163857918
0.007120127682589404670421284748727
0.0070389776821204036449941554565157
0.006958533336462098886632254846063
0.0068788981309516102763401690367573
0.0068000997874055691197470174813589
0.0067221271292628578461481048123005
0.0066449690643563263936499652118073
0.0065686145843427169721540082036881
0.006493052764136377462411697791822
0.0064182727613468684019215615421672
0.0063442638157202475845952704958108
0.0062710152485844451383800723931472
0.0061985164622979718740403143328876
0.0061267569397027354591300785102703
0.0060557262435803633354725050708112
0.0059854140161122657004533209601504
0.0059158099783433249277408982891302
0.0058469039296492331114762919241912
0.0057786857472074525804428546393865
0.0057111453854717239217442248389034
0.0056442728756501006973089751284078
0.0055780583251866114671835283900236
0.0055124919172462507471754733501257
0.0054475639102036640601389727578407
0.0053832646371350994715654358913071
0.0053195845053139153082999435184774
0.0052565139957093543615629371856812
0.0051940436624889037633967525664502
0.005132164132523779100092387039922
0.0050708661048979256774638102456265
0.0050101403504202472391493294878728
0.0049499777111400777504512937809977
0.0048903690998660376276774286452564
0.0048313054996880688482518984017133
0.0047727779635025804200187948822531
0.0047148092254230434400286142704317
0.0046574836067017708757242999695336
0.0046007979956112429742454139613983
0.004544743221913682268420231480377
0.0044893101843620011881519360485981
0.0044344898502402868220584331027112
0.0043802732549074350695827995139098
0.0043266515013436653014355925961354
0.0042736157597001878799547469611753
0.0042211572668518311177154878066631
0.0041692673259525808368564092631914
0.0041179373059942467674710009362116
0.0040671586413678472576860301046509
0.0040169228314281104144645162534744
0.0039672214400606961581807752281748
0.0039180460952525121565148680247148
0.0038693884886646062563897441322069
0.0038212403752081675403773353139059
0.0037735935726231450808298983901068
0.0037264399610598283006657194249556
0.0036797714826630372256244250195323
0.0036335801411591906427689391279046
0.0035878580014461107852707932863723
0.00354259718918549515453975118362
0.0034977898903980815005498872238832
0.003453428351061619151068926569792
0.0034095048767113036482234722512885
0.0033660118320431105416734585134009
0.0033229416405194910077991465868763
0.003280286783977874251472250932693
0.0032380398022416934968037427466925
0.0031961932927339737307848022140888
0.0031547715862521872112744780736193
0.0031138428525036587236896057362401
0.0030734027794493447294232879585252
0.0030334438406992270641227005256724
0.0029939585662525350015505942735672
0.0029549395421273635768677490176515
0.0029163794099927313648035198667685
0.002878270866803007890094567855499
0.0028406066644346989608083120515403
0.0028033796093257876830273644941371
0.0027665825621171640825990412082547
0.002730208437296668955163170267042
0.0026942502028452705586936133386189
0.0026587008798856907355878664844795
0.0026235535423332263273155096072742
0.00258880131654891766992965251859
0.0025544373809949561839049980704885
0.0025204549658924039166885133766982
0.0024868473528809895492508452718994
0.0024536078746813612047605879240564
0.0024207299147593211788298539488551
0.0023882069069924164242402220281747
0.0023560323353385924892433589405982
0.0023241997335070817796986997194608
0.0022927026846313977755109636547104
0.0022615348209444924472422133732152
0.0022306898234560074839594179252344
0.0022001614216316293069775067436922
0.0021699433930745561094344253660893
0.0021400295632089992928226429569349
0.0021104138049658077713743864478602
0.0020810993412723544429554500823087
0.0020521482212699604201489034238648
0.0020235680857609867483448695679726
0.0019953529402667938286164428518532
0.0019674968348284858563057575508992
0.0019399938637188894781371306663686
0.0019128381651563925065773208444853
0.0018860239210206778195932919572897
0.0018595453565701698661616347862946
0.0018333967401614307841245521402129
0.0018075723829702537281266527813273
0.0017820666387146535513535949846187
0.0017568739033795280259780957621274
0.0017319886149432044911838923795244
0.0017074052531056381747792682901377
0.0016831183390184300228964442425195
0.0016591224350165671101026143574586
0.0016354121443518563564639700658176
0.0016119821109280907996813558824556
0.001588827019037935411871487190183
0.0015659415931014517963520971122193
0.0015433205974063673657226125612851
0.0015209588358499350445318665236982
0.0014988511516825346343156910577932
0.0014769924272528232866985575810759
0.001455377583754616146322069525354
0.0014340015809753004893262184893388
0.0014128594170459396993366762984579
0.0013919461281929189789413614519731
0.0013712567884912214843939892716662
0.0013507865096192641935629596972035
0.0013305518819252883534060005743527
0.0013106014262806182230081120110299
0.0012909324341273749510439206034107
0.0012715396785393919074774737865141
0.0012524179715663814101839212966638
0.0012335621639843060651925421566943
0.0012149671450473239348033516193937
0.0011966278422413064493751155836776
0.0011785392210389245091356480443778
0.0011606962846562834772157213336641
0.0011430940738111122680770170845221
0.0011257276664824850641311027032998
0.0011085921776720537596655491441311
0.0010916827591668204055358470938586
0.0010749945993033744109923510734461
0.001058522922733680154613877810732
0.0010422629901922822980020466587803
0.0010262100982650419929431695464928
0.0010103595791593048859591252863765
0.00099470680047554623989802813355254
0.00097924716498043722773259034397597
0.00096397611038137229720612619843223
0.00094888910910239884256844877796766
0.00093398166806159439463225213629016
0.0009192493284498199886470293229479
0.0009046876655108964391041603825272
0.00089029228832315180502954277130812
0.00087605883958237441497263198186829
0.00086198299538610607430089149971764
0.00084806046501932348495589319981036
0.00083429873240563649176154692455043
0.00082074214332698467670029751630523
0.00080739191403799586733980309105618
0.00079424401518403907850041090199511
0.00078129444717151333692911618911126
0.00076853923998003524208771919390415
0.00075597445297578293697815521312577
0.000743596174726046362304932024756
0.00073140052281487819268307459807943
0.00071938364365994856251818045933533
0.00070754171233051619486348338128323
0.00069587093236654227936671679444203
0.00068436753559892736682723768382175
0.00067302778197088407394904630010046
0.00066184795936040396492627824187593
0.00065082438340385243696895045673045
0.00063995339732064227857011307065704
0.00062923137173903024438326170297842
0.00061865470452295251262142539161459
0.0006082198205999902063806361596221
0.00059792317179037260486268445802693
0.00058776123663705306422733176674456
0.00057773052023685450388768014562402
0.00056782755407264727011418248281416
0.00055804889584658680726225732371404
0.00054839112931437579163268525306307
0.00053885086412057566461475399677283
0.00052942473563492018547721462695677
0.00052010940478966266251048544688729
0.00051090155791792509539644973060035
0.00050182291906002325643232353513667
0.00049289655899172101286009883835959
0.00048411930427736429545862439915993
0.00047548800070508484691064743365985
0.00046699951721334176813621441581859
0.00045865074574675851644400825790626
0.00045043860111287182612996304875708
0.00044236002083974056402898566986437
0.00043441196503444476926039663489121
0.0004265914162424433268838708244175
0.00041889537930781515790573665825036
0.00041132088123432754712266445906721
0.00040386497104739855828689498729034
0.00039652471965686815567192491371884
0.00038929721972064281311845523880777
0.00038217958550915685257687304243746
0.00037516895277068363452263599633341
0.00036826247859745095533309799940014
0.00036145734129260575443615133295339
0.00035475074023796887958195900303338
0.00034813989576262007992826785773843
0.00034162204901227603880478622677686
0.00033519446181947890181160309985842
0.00032885441657457535093167511064394
0.00032259921609748649570792444762901
0.00031642618351026484098745261697161
0.00031033266211043345232309387249359
0.00030431601524509669385101795491266
0.00029837362618582486967905298413939
0.00029251876356867890062798953643153
0.0002867734852205962195297039851738
0.00028113557545989692216387156875612
0.00027560255555138094864242592763048
0.00027017196484535095256027115162567
0.00026484136066642997029210726545045
0.00025960831820304137518631848458028
0.00025447043039757475226328442552415
0.00024942530783720907048076065315456
0.00024447057864539271888545957089889
0.00023960388837399385075777047404699
0.00023482289989608815731873814325326
0.00023012529329941629890887710985226
0.00022550876578046049692263808061909
0.00022097103153918961769737461242613
0.00021650982167441490617090793513455
0.00021212288407980553787621214034687
0.00020780798334050910153823765735837
0.00020356290063041037859473125770648
0.00019938543361001351186118091263211
0.00019527339632493162556794996653764
0.00019122461910499490142165135431185
0.00018723694846397388518929871814578
0.00018330824699989631265673040161346
0.00017943639329598076530801475936272
0.00017561928182215319309278367398974
0.00017185482283717254197406842930462
0.00016814094229133390886836429967133
0.00016447669586816394244298267235393
0.00016088305810305758699815803502986
0.00015736710841067328738029917900576
0.00015392679134324549245112223605503
0.00015056006642235128393028653626118
0.00014726490804786216792625352933754
0.00014403930540745298375347738240038
0.00014088126238663567502129581043846
0.00013778879747934730487339549664938
0.00013475994369905794616898431215191
0.0001317927484904214859018356520437
0.00012888527364144990953326308513738
0.00012603559519621231207152367570501
0.00012324180336805508513553508720406
0.00012050200245334371368377546218653
0.00011781431074571601801299902678721
0.000115176860450848589302770552667
0.00011258779760173467042981554353531
0.00011004528197446360225988937209252
0.00010754748700450586051773071982751
0.0001050925997034963784229621985844
0.0001026788205765153825978902579763
0.00010030436353985886822892670267038
9.7967455839307766569772073506073e-05
9.5666337968872616412396858720513e-05
9.339926359003374305590289283785e-05
9.11644994514545695509302736248e-05
8.8960325309179986443507137661157e-05
8.6785144307180737488841004712015e-05
8.4652229241348304574800442967586e-05
8.257062493419051402501751546481e-05
8.0538926845276993847846935814516e-05
7.8555740543726529064375019295596e-05
7.661968164759785633686345329707e-05
7.4729375763628826307739816403597e-05
7.2883458427338990506805238567267e-05
7.1080575043476124292608775423474e-05
6.9319380826825157922502218532657e-05
6.7598540743351434915107966983072e-05
6.5916729451705199471604756933374e-05
6.4272631245058961069020753154035e-05
6.2664939993294853067332117468879e-05
6.10923590855264676867733553145e-05
5.9553601372965304645672179884031e-05
5.8047389112115760161601796252029e-05
5.6572453908311998778835755219419e-05
5.512753665957930657723698453232e-05
5.3711387500833241120511835076101e-05
5.2322765748399752681364882622717e-05
5.0960439844866129430796947152871e-05
4.9623187304253422124072220311675e-05
4.8309794657512652212971032694711e-05
4.7019057398339890593234186022542e-05
4.574977992931066099685857850865e-05
4.4500775508329283786709135162241e-05
4.327086619539378356969622219097e-05
4.2060120848863834794664762206651e-05
4.0881052613137456252200008233189e-05
3.9736319052887774652335628466915e-05
3.8624812308580746200107475241126e-05
3.7545432478544906449487855715219e-05
3.6497087571761555307298108274949e-05
3.547869346092811355074247980923e-05
3.4489173835796344924457812464169e-05
3.3527460156780259975441843556254e-05
3.2592491608835314376591690832541e-05
3.1683215055604727560488453885768e-05
3.0798584993832643836621232313888e-05
2.9937563508043739580631245611464e-05
2.9099120225482988122975638867196e-05
2.8282232271320386707887800659122e-05
2.748588422411451978035965004743e-05
2.6709068071534599459176256841531e-05
2.595078316634015649184627494428e-05
2.5210036182616226839610373833267e-05
2.4485841072261709634120402379054e-05
2.3777219021732516032784435222602e-05
2.3083198409032258370749204900996e-05
2.240281476095604969818106400048e-05
2.1735110710579702314893674186536e-05
2.1079135954996361569527621449005e-05
2.0433947213298779213433778445541e-05
1.9798608184804143109332408290157e-05
1.9172205410267295584486255122236e-05
1.8560300339267058952752442735346e-05
1.7967574851224194448047130623358e-05
1.739354357374357716819850139256e-05
1.6837724507782579478395307281957e-05
1.6299639008065060409189903078975e-05
1.5778811763605838644009340954177e-05
1.5274770778347949637659269894741e-05
1.4787047351909601971826739574833e-05
1.4315176060441209030210489572266e-05
1.3858694737591648960331469631058e-05
1.3417144455583515752798359765841e-05
1.2990069506395938422676702983516e-05
1.2577017383055168192737202637055e-05
1.217753876103154115641789834168e-05
1.1791187479743012932143983451105e-05
1.1417520524163408612784882667501e-05
1.1056098006536353627808459687554e-05
1.0706483148192884826310940227234e-05
1.0368242261473177155857439135644e-05
1.0040944731750331035203052665317e-05
9.7241629995580821993125808511138e-06
9.4174725428186494734705477838155e-06
9.1204518591731667076331901977682e-06
8.832682448411610588896725193564e-06
8.5537487950038048955614736201802e-06
8.2832383507288025458218869157001e-06
8.0208418210562949909794155933795e-06
7.7724709629366617693376623199342e-06
7.5411419205565227927572265198553e-06
7.3259779470728257516642413504915e-06
7.1261085758764899231111795974147e-06
6.9406695840645778826220359258858e-06
6.7688029561197200846046385935839e-06
6.6096568477961358607959685418365e-06
6.4623855502102857203028558885638e-06
6.3261494541357915741036817280918e-06
6.2001150145005327126313671159963e-06
6.0834547150855829584234837903445e-06
5.9753470334242398708034064991335e-06
5.8749764059002151133834744578532e-06
5.7815331930437010354091771635598e-06
5.6942136450243326027914440856659e-06
5.6122198673396902731443786072063e-06
5.53475978669827062408426501805e-06
5.4610471170958989778907236023464e-06
5.3903013260843287197021829471044e-06
5.3217476012309049905905575239551e-06
5.2546168167682297291663263971717e-06
5.1881455004326930375646922954935e-06
5.121575800490882384363375279257e-06
5.0541554529524212180922361492552e-06
4.9851377489687109838744846768144e-06
4.9137815024159163586228542264234e-06
4.8411732339227959284939407924586e-06
4.7740109027831339474304966907781e-06
4.712654638208252988798834665074e-06
4.6567175400282946273419239224811e-06
4.6058154674264864951211025101419e-06
4.5595670230618933911593236574245e-06
4.5175935372813939947152228615579e-06
4.4795190524201098411071625404745e-06
4.4449703071898893016349919860009e-06
4.413576721155332418600539257092e-06
4.3849703792967958596157526662829e-06
4.3587860166599493925271811833877e-06
4.3346610030913206040468696467194e-06
4.3122353280593399711120503048356e-06
4.2911515855604670036647398101426e-06
4.2710549591097715015032207364065e-06
4.2515932068156277238947168828354e-06
4.2324166465379090671283975055861e-06
4.2131781411293088614460240759474e-06
4.1935330837592206223085264382711e-06
4.173139383319753392491933963182e-06
4.1516574499134112246939883050789e-06
4.1287501804219201145536126407176e-06
4.1040829441557907260708717989139e-06
4.0773235685841120777908597183625e-06
4.0481423251441382737177837602971e-06
4.0165180437163704033672745330463e-06
3.9845678684106947768628868844498e-06
3.9527484557009210164378425200749e-06
3.9210469791389376251113801918891e-06
3.8894507037376752691401962658269e-06
3.857946985449318388883797881217e-06
3.8265232706462434087270677030013e-06
3.7951670956049999128658397479219e-06
3.763866085993031549160369245155e-06
3.7326079563583047970967265100084e-06
3.7013805096217549673307586205473e-06
3.6701716365725595972099859487514e-06
3.6389693153661604682093388962727e-06
3.6077616110251524063768768096905e-06
3.5765366749428402365633579418347e-06
3.5452827443896371086733739635966e-06
3.5139881420221216603379157245035e-06
3.4826412753948853061151946786111e-06
3.4512306364750040582785317599956e-06
3.4197448011592822629241359561059e-06
3.3881724287940920685457436845045e-06
3.3565022616979538932265730855065e-06
3.3247231246866524849588840628822e-06
3.292823924601092710031432359008e-06
3.2607936498376824642150568350774e-06
3.2286213698813739968532243729271e-06
3.1968153740203195883418183648184e-06
3.1671571437968581085812408426605e-06
3.1395189097457354871238341398332e-06
3.1135867023436916361882852155585e-06
3.0890487720923891481398897151944e-06
3.0655955770046166186833247468968e-06
3.0429197701590482757073429648242e-06
3.0207161873231791724715971508841e-06
2.9986818346440204754749670607028e-06
2.9765158764061961285522263376269e-06
2.9539196228570673516693103483055e-06
2.9305965180984894100308171815961e-06
2.9062521280448347352665279530459e-06
2.8805941284468944576071039453957e-06
2.853332292981329276748952289422e-06
2.8241784814052300613086352032433e-06
2.7928466277755006091812299551247e-06
2.7590527287326208411206464321541e-06
2.7225148318485142948010974128792e-06
2.6829530240380544747552053058692e-06
2.6400894200339762770953031673082e-06
2.5936481509246757989201048744121e-06
2.5433553527547693598822881738686e-06
2.4889391551877764612065498800453e-06
2.4301296702308754366648243377957e-06
2.3666875547499164838638301133766e-06
2.2999640744691596027987276484872e-06
2.2308271726803230827046974071859e-06
2.1592881499974286399240637479569e-06
2.0853582615598837737543123221906e-06
2.0090487172211041453403611994899e-06
1.9303706817360420135154530640875e-06
1.8493352749481607110945430988425e-06
1.7659535719752709206448139031553e-06
1.6802366033948231551040531500663e-06
1.5921953554281960808400612703006e-06
1.5018407701242222992992934524348e-06
1.4091837455419462932888156198041e-06
1.3142351359324311552584938281307e-06
1.2170057519199169118620604962411e-06
1.117506360682086922824721858527e-06
1.0157476861295639033452376312483e-06
9.1174040908456452514402193823551e-07
8.0549516745881942818773794462439e-07
6.9702255643072857342075867095876e-07
5.8633312862155256612353400672011e-07
4.7343739427113583474892211273855e-07
3.5834582141250468530677109578464e-07
2.4106883604595247729893820430591e-07
1.2161682231223808850743178019277e-07
1.2266504446034949245339997181847e-13

