2039651988.406209468841552734375
1177524554.7169306278228759765625
572127809.12862491607666015625
290306694.38875263929367065429688
161144707.06645852327346801757812
96730619.079626560211181640625
61878442.569486036896705627441406
41660836.673801168799400329589844
29227333.513545554131269454956055
21202802.234953321516513824462891
15815670.360368225723505020141602
12076150.546872287988662719726562
9405555.3922550361603498458862305
7450268.5820385012775659561157227
5988316.5079033263027667999267578
4876059.0795631781220436096191406
4016633.8049849406816065311431885
3342679.8089062068611383438110352
2806624.5100244274362921714782715
2375126.757516682147979736328125
2025200.313553643878549337387085
1738373.8242148414719849824905396
1501227.1714037179481238126754761
1303657.4429155522957444190979004
1137911.7813109173439443111419678
997978.44565198768395930528640747
879152.0398402600549161434173584
777720.22253748227376490831375122
690788.44953611190430819988250732
615750.12647232320159673690795898
550622.1259706906275823712348938
493861.70278349769068881869316101
444202.94423355814069509506225586
400600.93163497518980875611305237
362188.40930221247253939509391785
328241.92955525760771706700325012
298155.26172578206751495599746704
271418.46662796649616211652755737
247601.12317038894980214536190033
226343.47521909300121478736400604
207341.28518971148878335952758789
190253.05885524139739573001861572
174845.59731768266647122800350189
160926.39570486600860022008419037
148328.80180239546461962163448334
136908.19671816250775009393692017
126538.8859588000486837700009346
117111.4844324254518141970038414
108532.43476506431761663407087326
100720.56429697709972970187664032
93573.216482285279198549687862396
87022.270141497167060151696205139
81010.801945913088275119662284851
75488.425048234232235699892044067
70410.549353527268976904451847076
65737.613542490886175073683261871
61437.3775146819025394506752491
57471.608965137478662654757499695
53802.483614190088701434433460236
50405.450392565151560120284557343
47258.564188583499344531446695328
44342.275678860591142438352108002
41639.316441952512832358479499817
39136.861723975845961831510066986
36810.309691254631616175174713135
34642.156219713171594776213169098
32619.884294199615396792069077492
30732.123103401714615756645798683
28968.529159665813494939357042313
27319.681252839021908584982156754
25776.987448228497669333592057228
24332.602634807029971852898597717
22979.355305325094377622008323669
21710.682437985291471704840660095
20520.571524419763591140508651733
19403.508884097354894038289785385
18354.433560538633173564448952675
17368.696164463202876504510641098
16442.0221503461507381871342659
15570.479066700694602332077920437
14750.447439093784851138480007648
13978.595016681178094586357474327
13251.854237953402844141237437725
12567.402946746276938938535749912
11922.64868513680266914889216423
11315.217469602452183607965707779
10742.94925418035199982114136219
10203.904367246312176575884222984
9696.3345577915752073749899864197
9219.5049870292168634478002786636
8769.4130544376675970852375030518
8342.5597749200933321844786405563
7937.578764125288216746412217617
7553.1966608581751643214374780655
7188.2259554082629620097577571869
6841.5584349570235644932836294174
6512.159188866500699077732861042
6199.0611290312499477295204997063
5901.3599690150986134540289640427
5618.2096212990727508440613746643
5348.8179761851988587295636534691
5092.4430302029504673555493354797
4848.3893252681809826754033565521
4616.0046780453221799689345061779
4394.6771741377460784860886633396
4183.8324000456559588201344013214
3982.9308938633848811150528490543
3791.4658059288822187227196991444
3608.9607371028951092739589512348
3434.9677543959542163065634667873
3269.0655638533853561966679990292
3110.8578386628796579316258430481
2959.9716765597286212141625583172
2816.0562027792357184807769954205
2678.7812957094856756157241761684
2547.8364407347971791750751435757
2422.9297212977235176367685198784
2303.7869421955438156146556138992
2190.1509188354793877806514501572
2081.7809593719521217280998826027
1978.452606718235983862541615963
1879.9577650733708651387132704258
1786.1054521575451872195117175579
1696.7236988559270685072988271713
1611.6636414862759920652024447918
1530.7950806418921274598687887192
1454.183968716008166666142642498
1381.1820907473329498316161334515
1311.1309025469545304076746106148
1243.9058121847938309656456112862
1179.388512633740901947021484375
1117.4666338105707836803048849106
1058.0334195728764825616963207722
1000.9874223253300442593172192574
946.23222492985132703324779868126
893.67617506982605846133083105087
843.23214360609199502505362033844
794.81729713482127408497035503387
748.35288930522619921248406171799
703.76406930358734825858846306801
660.97970504490240273298695683479
619.9322246326983076869510114193
580.55747612935419965651817619801
542.79460430582457775017246603966
506.5859507119566842447966337204
471.87697868208033469272777438164
438.61622822467688820324838161469
406.75531704015611467184498906136
376.24899728605350901489146053791
347.05530629918121121590957045555
319.13586835590149348718114197254
292.45646618990804199711419641972
266.98814101744073923327960073948
242.70782894265403228928335011005
219.61649526510609575780108571053
197.6935607286222875700332224369
176.64229262145863685873337090015
156.4072688631376877310685813427
136.95931973231199663132429122925
118.27056570398690382717177271843
100.3143639645809344074223190546
83.065254046062818815698847174644
66.498912767575802718056365847588
50.592109164949761179741472005844
35.322667422344238730147480964661
20.669429625711927656084299087524
6.6122279344281196244992315769196
-6.868140280803345376625657081604
-19.789929947155997069785371422768
-32.170457774419446650426834821701
-44.02609881606895214645192027092
-55.372271936903416644781827926636
-66.223397520742764754686504602432
-76.592825938137593766441568732262
-86.492703021870511292945593595505
-95.933730494428345991764217615128
-104.9247198089315133984200656414
-113.47238996318583303946070373058
-121.573261048983113141730427742
-129.23877544581182519323192536831
-136.58457626378913118969649076462
-143.62808586218216078123077750206
-150.37827673207311818259768188
-156.84373283275999710895121097565
-163.03265999702216504374518990517
-168.95289323389556557231117039919
-174.61190336703430148190818727016
-180.01680152375502075301483273506
-185.17433973844572392408736050129
-190.09090833707477941061370074749
-194.77253005641864547214936465025
-199.22484660220629848481621593237
-203.45309598156336505780927836895
-207.46207954204601264791563153267
-211.25610420140742462535854429007
-214.83889460760246947756968438625
-218.21343988592002460791263729334
-221.38172271118060052685905247927
-224.34448489401120241382159292698
-227.09800400396738950803410261869
-229.63877785249883345386479049921
-232.03577112050879804883152246475
-234.30209076195455963897984474897
-236.44199297369482337671797722578
-238.45957227615258489095140248537
-240.35876612390393347595818340778
-242.14336262742290273308753967285
-243.81700354375152528518810868263
-245.38319173179183962929528206587
-246.84529391598334768787026405334
-248.20654699034730583662167191505
-249.47006025517498528643045574427
-250.63882222677443678549025207758
-251.71570073485304419591557234526
-252.703449616857596993213519454
-253.60470970576648142014164477587
-254.42201174968840859946794807911
-255.15778060398156412702519446611
-255.81433433118809261941350996494
-256.39388835122417731327004730701
-256.89855539347354351775720715523
-257.33034596735524246469140052795
-257.69116873566122194461058825254
-257.98282937900467004510574042797
-258.20702856607681496825534850359
-258.36535879915788882499327883124
-258.45929934043124376330524682999
-258.49020905294560179754626005888
-258.45931468704463895846856757998
-258.36769710353337359265424311161
-258.216265384117377834627404809
-258.00572331586670316028175875545
-257.73651025795777513849316164851
-257.40870539841478148446185514331
-257.02185008282333456008927896619
-256.57500848045663133234484121203
-256.06158411210424219461856409907
-255.49514564922503723209956660867
-254.90441918647934471664484590292
-254.29040104111766140704276040196
-253.65391318063564085605321452022
-252.99574679898830709134927019477
-252.31666185170229255163576453924
-251.61738891111929206090280786157
-250.8986295657365417355322279036
-250.16105796672502492583589628339
-249.405320951075736957136541605
-248.6320394904365684851654805243
-247.8418090737419561264687217772
-247.03520086633977825840702280402
-246.21276161265268456190824508667
-245.37501508595664745371323078871
-244.52246249892948526394320651889
-243.65558235309254087042063474655
-242.77483187574102885264437645674
-241.88064695704156292777042835951
-240.97344264805701641307678073645
-240.05361326427555468399077653885
-239.12153309512939358683070167899
-238.17755646141336001164745539427
-237.22201731463110263575799763203
-236.25523007559604593552649021149
-235.27748916556458880222635343671
-234.28906895916361463605426251888
-233.29022343557892327225999906659
-232.28118586525636146689066663384
-231.26216814662871001928579062223
-230.23336016846792517753783613443
-229.19492855898477046139305457473
-228.14701522049654158763587474823
-227.08973627119007687724661082029
-226.02317817013772582868114113808
-224.94739654308011722605442628264
-223.86241024256401033198926597834
-222.76819722418332503366400487721
-221.66468598224867037060903385282
-220.55174475059124006293131969869
-219.42916586713226934080012142658
-218.29664032311444543665857054293
-217.15371680918070751431514509022
-215.99972838351874315776512958109
-214.83376830440550975254154764116
-213.65327864448499894933775067329
-212.45965139503351792882313020527
-211.26838688340205862914444878697
-210.08038032717746546040871180594
-208.8957329752392979571595788002
-207.71454089555356858909362927079
-206.53689393492044246158911846578
-205.36287731777008502831449732184
-204.19257010045066635939292609692
-203.02604676974095809782738797367
-201.86337720791203764747478999197
-200.70462577192807884784997440875
-199.54985320517062064027413725853
-198.3991150606257178878877311945
-197.2524631643246380008349660784
-196.10994495866117404148099012673
-194.97160390334028079450945369899
-193.83747974380588630083366297185
-192.70760854126893946158816106617
-191.58202234131016439278027974069
-190.46075030887419643477187491953
-189.34381743262900954505312256515
-188.2312461382509241047955583781
-187.12305511849081085529178380966
-186.01926013588609976068255491555
-184.91987383583187920521595515311
-183.82490591237672106217360123992
-182.73436311876048421254381537437
-181.64824928682992322137579321861
-180.5665655126455817480746190995
-179.48931028166663281808723695576
-178.41647877778103747914428822696
-177.34806440328304688591742888093
-176.28405690778379266703268513083
-175.22444432623018428785144351423
-174.16921110338211065027280710638
-173.11833986571406285293051041663
-172.07181002736399477726081386209
-171.02959858976356599669088609517
-169.99167955635590487872832454741
-168.95802451805013788543874397874
-167.9286018625853671437653247267
-166.90337694326768769315094687045
-165.88231253661069786176085472107
-164.86536759503724169917404651642
-163.85249782201384505242458544672
-162.84365562402996374657959677279
-161.83878911795159183384384959936
-160.83784200101013084349688142538
-159.84075394533567759935976937413
-158.84745899880715569452149793506
-157.85788529819433279044460505247
-156.87195488800787757099897135049
-155.88958176651311759997042827308
-154.91067127833440508766216225922
-153.93511811297682356780569534749
-152.96280403272425019167712889612
-151.99359487093795451073674485087
-151.02733534208289256639545783401
-150.06384328341030709452752489597
-149.10289753984486083027150016278
-148.14422031491949383052997291088
-147.18744515100044623068242799491
-146.2321178187222017186286393553
-145.27661114158993882483628112823
-144.3254946551827231360221048817
-143.3814767009661181873525492847
-142.4444775490240147064469056204
-141.51441764783641019675997085869
-140.59121800334901308815460652113
-139.67480039484451026510214433074
-138.76508660287348106976423878223
-137.86199908242829792470729444176
-136.96546073267589349597983527929
-136.07539485301307990994246210903
-135.19172505822888297188910655677
-134.31437544983506882090296130627
-133.44327041332047656396753154695
-132.57833482449115081180934794247
-131.71949383941603173298062756658
-130.8666729265727326492196880281
-130.0197977930785100397770293057
-129.17879453868229688850988168269
-128.34358963729025049360643606633
-127.51410937236263976046757306904
-126.69028070670071883796481415629
-125.87203048453005749252042733133
-125.05928590950952639104798436165
-124.25197392525700479382066987455
-123.45002194311331322751357220113
-122.65335721763804599504510406405
-121.86190688410084703718894161284
-121.07559814876239556724613066763
-120.29435800511038223703508265316
-119.5181131385981814219121588394
-118.74679020236609972016594838351
-117.98031510073636241031636018306
-117.21861365903200180582643952221
-116.46161066220136603988066781312
-115.70923073808762637781910598278
-114.96139708712200899753952398896
-114.21803227102944333637424279004
-113.47905734325451021504704840481
-112.74439208327819983423978555948
-112.01395428857779279496753588319
-111.28765969877531460952013731003
-110.56542148215120846543868537992
-109.84714961798073318277602083981
-109.13275031417384752785437740386
-108.42212478370555572837474755943
-107.71516841924969298815994989127
-107.01176869750321429819450713694
-106.31180286390778633176523726434
-105.61513409123034534786711446941
-104.9216051610506923452703631483
-104.23102800793151345715159550309
-103.54317543230938269971375120804
-102.85764103906045363601151620969
-102.17422232574105578351009171456
-101.49547844311193500743684126064
-100.82165378129755595182359684259
-100.15270935309072797281260136515
-99.488606271886055765207856893539
-98.829305995175502630445407703519
-98.174769999045693680272961501032
-97.52496006923173865743592614308
-96.879838282296077522914856672287
-96.239366679036905338762153405696
-95.60350778594249732122989371419
-94.972224193779069878473819699138
-94.345478667596793798111320938915
-93.723234369151313671864045318216
-93.105454366946318600639642681926
-92.49210225888541003769205417484
-91.883141672302116376158664934337
-91.278536554570976591094222385436
-90.678250857807967122425907291472
-90.08224901817845875484636053443
-89.49049563570690679625840857625
-88.902955235840224190724256914109
-88.319592926286745182551385369152
-87.74037382661784079118660883978
-87.165263352883869174547726288438
-86.594227080649659455957589671016
-86.027230621574460656120209023356
-85.464240315496809330397809389979
-84.905222096766223671693296637386
-84.350142511929831812267366331071
-83.798968125566091202927054837346
-83.251665838100649352782056666911
-82.70820254216057776375237153843
-82.168545598641046012744482140988
-81.632662374866711729737289715558
-81.100520468231337645192979834974
-80.572087700461977988197759259492
-80.047332062371324923333304468542
-79.526221834606673155576572753489
-79.008725235011894483250216580927
-78.494810977249969141666952054948
-77.984447724947429492203809786588
-77.477604405697391598550893831998
-76.97425006312856510248820995912
-76.474354103176992225598951335996
-75.977885822295505136025894898921
-75.484814809037771965449792332947
-74.995110941560852779730339534581
-74.508743979551226743751612957567
-74.02568407314757337189803365618
-73.545901347452414142935595009476
-73.069366182643008755803748499602
-72.596049094921326627627422567457
-72.125920540837583416760026011616
-71.658951328585729356746014673263
-71.195112291630991308011289220303
-70.734374345284038554382277652621
-70.276708432955331318225944414735
-69.822085834837807283292931970209
-69.370477580272364548363839276135
-68.921854938403598112017789389938
-68.476189322618211008375510573387
-68.033451922689962998447299469262
-67.593614244779757882497506216168
-67.15664752517164970413432456553
-66.722523218010152845636184792966
-66.291212632155264827815699391067
-65.862686974496469360929040703923
-65.436917511066994279644859489053
-65.013875241589090592242428101599
-64.59353119524217845537350513041
-64.175855961488622369870427064598
-63.760820134546158044486219296232
-63.34839393007730024010015767999
-62.938547157791816744065727107227
-62.531249220177514303031784947962
-62.126469061537775928627524990588
-61.724174902420756438914395403117
-61.324334161907650297962391050532
-60.926913368815768023978307610378
-60.531877756121609479578182799742
-60.139191154569274999630579259247
-59.74881531615599783435754943639
-59.360709529598160827390529448166
-58.974829744887657057006435934454
-58.591127116451040990341425640509
-58.209545940942703623477427754551
-57.83001982168578791743129841052
-57.452470167144468859987682662904
-57.076733605164321261327131651342
-56.702877349577754273468599421903
-56.331768753066072008550690952688
-55.963429462278313053502643015236
-55.597833497502954003266495419666
-55.234955280096386331933899782598
-54.874769403361142394714988768101
-54.517250622366766776849544839934
-54.162374077131886451752507127821
-53.810115011961570985477010253817
-53.46044887400999101600973517634
-53.11335148580326404044171795249
-52.768798736204779231684369733557
-52.426766804997498638840625062585
-52.08723201654243695202239905484
-51.750171004852255407513439422473
-51.415560520776089958872034912929
-51.083377574199055004555702907965
-50.753599351023041208463837392628
-50.426203181215576876184059074149
-50.101166787111495182216458488256
-49.778467774645662302646087482572
-49.458084236048428294907353119925
-49.139994228559473299355886410922
-48.82417614075156819808398722671
-48.510608434714228565098892431706
-48.199269875470506008241500239819
-47.890139221323686058440216584131
-47.583195567366175282586482353508
-47.278418081262657324259635061026
-46.975786153817772117236017948017
-46.675279272458155332969909068197
-46.376877129925460963022487703711
-46.080559506676678438452654518187
-45.786306477081133436968229943886
-45.494098089447923882744362344965
-45.203914651005234759395534638315
-44.915736478517871432813990395516
-44.62954422209295302081955014728
-44.345318470771040608724433695897
-44.063040059301187056917115114629
-43.782689830316947166011232184246
-43.504248857872255484835477545857
-43.227698262518096328221872681752
-42.953019284554123657926538726315
-42.680193249679021505471609998494
-42.409201525084363026962819276378
-42.140025743362258481283788569272
-41.872647358201923850629100343212
-41.607048079155880770940711954609
-41.343209616700491437768505420536
-41.08111376266676018076395848766
-40.820742205994065443519502878189
-40.562076866606091130051936488599
-40.305099583818417841030168347061
-40.04979214654787256222334690392
-39.79613643623781626956770196557
-39.5441141578338744011489325203
-39.293707107853180104939383454621
-39.044896906638371092412853613496
-38.797665101250160546442202758044
-38.551993007619309139499819139019
-38.307861926683699493878521025181
-38.065252694328208349361375439912
-37.824146058356248545351263601333
-37.584522270506099062004068400711
-37.346361111791551934402377810329
-37.109641767886259344777499791235
-36.874342762522189786977833136916
-36.640441487630596384406089782715
-36.407914072038025210531486663967
-36.176734996990312254183663753793
-35.94687610981964098755270242691
-35.718305600676899302925448864698
-35.490985905358172658452531322837
-35.264874311132189177442342042923
-35.039858920105878326012316392735
-34.816125876523898341474705375731
-34.594005369934279769950080662966
-34.373483071325786397665069671348
-34.154544152111711241559532936662
-33.937174112864553876534046139568
-33.721358402901387307792901992798
-33.507082736881578455268027028069
-33.294332776090776349064981332049
-33.083094506326062855805503204465
-32.873353885269935403812269214541
-32.665097056178957757310854503885
-32.458310286198042149408138357103
-32.252979859591725642076198710129
-32.049092335067300041373528074473
-31.846634256665080187076455331407
-31.645592299660417978657278581522
-31.44595327830627340404134884011
-31.247704101482131733291680575348
-31.050831755315634552516712574288
-30.85532334630109474460368801374
-30.661166099935496021089420537464
-30.46834727211482984898793802131
-30.276854322944505071291132480837
-30.086674676796771876752245589159
-29.897795959606895621618605218828
-29.710205781802326185925267054699
-29.523891951145127876543483580463
-29.338842251992822696138318860903
-29.155044644759019689672641106881
-28.972487044353840701660374179482
-28.791157593863218266960757318884
-28.611044415258874096252839080989
-28.432135655748201230608174228109
-28.254419616466243780905642779544
-28.07788468667727954652946209535
-27.902519118733039249491412192583
-27.728311515202367587562548578717
-27.55525022924963352011218375992
-27.383323866070725216559367254376
-27.212521001370866713386931223795
-27.042830224896359680997193208896
-26.874240173518249008566272095777
-26.70673949424515569717186735943
-26.540316899135383721386460820213
-26.374961034167597517807735130191
-26.210660584879818202352907974273
-26.04740421601109900962001120206
-25.885180542737256104146581492387
-25.72397817917542894861071545165
-25.563785635029759646386082749814
-25.404591410525934946917914203368
-25.246383891043130631715030176565
-25.089151245089148289935110369697
-24.932881622504488916547416010872
-24.77756291118935649819832178764
-24.623182747019811245081655215472
-24.469728532486701766401893110014
-24.31718714228837541213579243049
-24.165545150289183595759823219851
-24.014788316742876617126967175864
-23.864901653508162837624695384875
-23.715869031800551169908430892974
-23.567672593925784951807145262137
-23.420292091761702124586008721963
-23.273703387856961910529207671061
-23.12787816749200331400970753748
-22.982739563665390392088738735765
-22.8385041419342122992475196952
-22.695285566162521462274526129477
-22.553074835136321496520395157859
-22.411863082208530073557994910516
-22.271641364260283069143042666838
-22.132400984694491796744841849431
-21.994133176999014267494203522801
-21.85682937187447905102999357041
-21.720480935933629496048524742946
-21.585079448859225692558538867161
-21.450616467946300502944723120891
-21.317083625279380498795944731683
-21.184472656311513105720223393291
-21.052775347167436592599187861197
-20.9219835313353357264531950932
-20.792089157704374713375727878883
-20.663084151494032880691520404071
-20.534960613219524816486227791756
-20.40771060030699146636834484525
-20.281326318140003195367171429098
-20.155799981764630501857027411461
-20.031123825477155975249843322672
-19.907290239327764425070199649781
-19.784291631330717109449324198067
-19.662120387901151019605094916187
-19.540769110198873192985047353432
-19.42023028335505685504358552862
-19.300496573301792579968605423346
-19.181560603247998386677863891236
-19.06341510468913469367180368863
-18.946052837288732462184270843863
-18.829466622824767796373635064811
-18.71364932157007388013880699873
-18.598593794627081621229081065394
-18.484293027420463317866961006075
-18.370739990460119628323809592985
-18.257927707435825936954643111676
-18.145849250532741336883191252127
-18.034497718505456020920973969623
-17.923866231456731412663430091925
-17.813947994418860787391167832538
-17.704736159084024649246202898212
-17.596223990509898271739075426012
-17.488404741328935187993920408189
-17.381271669063956153422623174265
-17.274818095058304123767811688595
-17.169037312981206611084417090751
-17.063922696151834657030121888965
-16.959467562666663553727630642243
-16.855665251932180126459570601583
-16.752509141876167575446743285283
-16.649992596469939343251098762266
-16.548108939002418082964140921831
-16.446851504592807202698168111965
-16.346213631000850341479235794395
-16.246188565399243941556051140651
-16.14676959085496577017693198286
-16.047949889648172927536506904289
-15.949722619412622037771143368445
-15.852080802597024344890996871982
-15.755017458015810660754141281359
-15.658525396650627925509979831986
-15.562597366697954015535287908278
-15.467225871616477661518729291856
-15.372403232375436488155173719861
-15.278121490839664531335984065663
-15.184372306649462913696879695635
-15.091146888557263494590188201983
-14.998435853803918860194244189188
-14.906228909164624951699806842953
-14.814514558730820681375917047262
-14.723279409807652484687423566356
-14.63250757205709362551715457812
-14.542172741726673734774522017688
-14.452259723656847967276917188428
-14.362949743307853012197483622003
-14.274260764937501733129465719685
-14.186187186669698689911456312984
-14.098723410647089337999204872176
-14.011863974818894007512426469475
-13.925603334873891014922264730558
-13.839936123322631900123269588221
-13.754856877083714294940364197828
-13.670360322970033450928895035759
-13.586441076955908968670883041341
-13.503093901292753997722684289329
-13.420313580326396873942940146662
-13.338094868288949967904954974074
-13.256432651598357708166986412834
-13.175321780691962914033865672536
-13.094757168368619915099770878442
-13.014733807126072306914466025773
-12.935246610306073478113830788061
-12.856290671233310263232851866633
-12.777860971103045528707298217341
-12.699952653285684789352671941742
-12.622560779355588067573989974335
-12.545680551409484237979086174164
-12.469307084775282490340941876639
-12.393435630837270622350843041204
-12.318061407147055774657928850502
-12.243179659856622265579062514007
-12.168785694495760196787159657106
-12.094874801558887611463433131576
-12.021442342392209212675879825838
-11.948483661488282336904376279563
-11.875994118708575797427329234779
-11.803969147246649029625586990733
-11.732404147544986727780269575305
-11.661294555002516659669709042646
-11.590635835999243852256768150255
-11.520423445212291113648461760022
-11.450652852772485346122266491875
-11.381319586360287843262995011173
-11.312419094143166375943110324442
-11.243946933082920480728716938756
-11.175898569187710407391023181845
-11.108269529732851310654950793833
-11.041055338686103226564227952622
-10.974251457064553960663033649325
-10.907853418262920541792482254095
-10.841856680076462637885015283246
-10.776256698371550868387203081511
-10.71104891862489161269422766054
-10.646228722190741677877667825669
-10.581791497479702712780635920353
-10.517732522392588379034350509755
-10.454047090324236179981198802125
-10.390730337983701048187867854722
-10.327777384714451613945129793137
-10.265183173559156770693334692623
-10.202942558428448549534550693352
-10.141050202583755890373140573502
-10.079500553598244039221754064783
-10.018287766729304877344475244172
-9.9574056559806649602251127362251
-9.8968475212643074456764225033112
-9.8366059620186838685640395851806
-9.7766725650001014003009913722053
-9.7170372506393860589923860970885
-9.6576886226387479439381422707811
-9.5985934511573471894507747492753
-9.5398324113640562416094326181337
-9.4814724191858026358659117249772
-9.4235099056494711078357795486227
-9.3659412425940438140514743281528
-9.3087628751085969014411602984183
-9.251971235411531324643874540925
-9.1955628157878166462069202680141
-9.1395341080458827320853743003681
-9.0838816353095701572328835027292
-9.0286019542668327630963176488876
-8.973691616490295785979469656013
-8.9191472293775166946261379052885
-8.8649654099876080692865798482671
-8.8111427737388563485865233815275
-8.7576759934012269326331079355441
-8.7045617351441642028930800734088
-8.6517967066518561836119260988198
-8.5993775928749336401324399048463
-8.5473011738657440616862004389986
-8.4955641556885108656160809914581
-8.4441633372192601569850012310781
-8.3930954953431200493696451303549
-8.3423574200800629796503926627338
-8.2919459560714283696825077640824
-8.2418579007535672786843861103989
-8.192090137176792907780509267468
-8.1426394978544021086008797283284
-8.0935028732223521785726916277781
-8.0446771192084387536169742816128
-7.9961591650670902353681412932929
-7.9479458886198477429729791765567
-7.9000342075626290849754695955198
-7.8524210468290824849191267276183
-7.8051033367642244087392100482248
-7.7580779877093473118065958260559
-7.7113419423924902673661563312635
-7.6648921364929805122301331721246
-7.6187254966524617927348117518704
-7.5728389543616128065650627831928
-7.5272294387151426064974657492712
-7.4818938580728957532528511364944
-7.4368291279434206586529398919083
-7.3920321283386716260110915754922
-7.3474997418427561157727723184507
-7.30322881371658283455872151535
-7.2592161564654684724473554524593
-7.2154585863511968568673182744533
-7.1719528070456863844128747587092
-7.1286955559056508491266868077219
-7.085683430099962265558133367449
-7.0429130024725772329929895931855
-7.0003807355586529226343373011332
-6.9580829635306269409511514822952
-6.9160158805450242525125759129878
-6.87417552382807084399019004195
-6.8325576352087935561030462849885
-6.7911576493192331582804399658926
-6.749970558603695103272457345156
-6.7089906305295974320301866100635
-6.6682110735606707763167833036277
-6.6276242520264521118633638252504
-6.5872083924617976791182627493981
-6.5470118909984771349286347685847
-6.5070852224696853483010272611864
-6.4674259671362701595853650360368
-6.4280316827158312520396066247486
-6.3888999717011865087101796234492
-6.3500284384804785986489150673151
-6.3114147039082304502244369359687
-6.2730563735223521248940414807294
-6.2349511476930938869145393255167
-6.197096640265625566712515137624
-6.1594905450451928885513552813791
-6.1221305564264572041111023281701
-6.0850143626685060382897063391283
-6.0481396797351543170861987164244
-6.0115042255085064937247807392851
-5.9751057597382111197248377720825
-5.9389420007349968955168151296675
-5.9030107262942852486276024137624
-5.8673096906076640522087473073043
-5.8318366788079814000411715824157
-5.7965894810078957277710287598893
-5.7615658787597077150621771579608
-5.7267637034409588636663102079183
-5.6921807259767618347723328042775
-5.6578148106481140899859383353032
-5.6236637367007826782128177001141
-5.5897253666454496112692140741274
-5.5559975272224182418767668423243
-5.5224780457206872341657799552195
-5.4891647784802071186049943207763
-5.4560555689358345432538044406101
-5.4231482454037500673393878969364
-5.3904406642563200691142810683232
-5.3579306693827772889449079229962
-5.325616099827878535677427862538
-5.2934947770877673889344805502333
-5.2615645526262211362222842581104
-5.2298232209261668046451632108074
-5.1982685998057025500429517705925
-5.1668984916283191566321875143331
-5.1357106514015189446809017681517
-5.1047028546231443257852333772462
-5.0738728070820258153617032803595
-5.0432182328101218260485438804608
-5.0127367620654075253128212352749
-4.9824260317220954163985879858956
-4.95228358259865153456757980166
-4.9223069156092869036456249887124
-4.8924934212352582107996568083763
-4.8628404035383017145477424492128
-4.8333450130481496742618219286669
-4.8040042235909421464157276204787
-4.7748147645872123234767059329897
-4.7457730213163893395744707959238
-4.7168748469027894643090803583618
-4.6881153146629293004821192880627
-4.6594882772868064790827702381648
-4.6309797003635360113094066036865
-4.6026400390308150889495664159767
-4.5744874696057635787838080432266
-4.5465203338891528872522940218914
-4.5187369205505589775384578388184
-4.4911356151042483020319195929915
-4.4637147339558458369879190286156
-4.4364726565877745656507613603026
-4.4094077343354260989372050971724
-4.3825183436943495607351906073745
-4.3558028821086649529092937882524
-4.3292597189666670587371299916413
-4.3028872751800832929802709259093
-4.2766839278196631113360126619227
-4.250648123650925036542957968777
-4.2247782517651231160016322974116
-4.1990727587311518220758443931118
-4.1735300616807702311916727921925
-4.1481486102962197293209101189859
-4.1229268391671523019681444566231
-4.0978632010075788372205352061428
-4.0729561374937697237896827573422
-4.0482041278862999078569373523351
-4.0236056011393825926347744825762
-3.9991590416506870298007925157435
-3.9748629043786931624993030709447
-3.9507156660514946011630854627583
-3.9267157795267904063507558021229
-3.9028617290723559563048183917999
-3.8791519681048942658208034117706
-3.8555849707356735223129362566397
-3.8321591995852202217065496370196
-3.8088731081934401601074569043703
-3.7857251649255503345159468153724
-3.7627138059409945824995702423621
-3.7398374732106685058852235670201
-3.7170945991724919643672819802305
-3.6944836108611101010978927661199
-3.6720028882410344905906640633475
-3.6496508456009406629050317860674
-3.6274258189695207654779096628772
-3.6053261702817382960972736327676
-3.5833501818090196522348378493916
-3.5614961451753242016593503649347
-3.539762253935422542383548716316
-3.5181466919951436267410826985724
-3.496647542844989686727785738185
-3.4752627922553807060523922700668
-3.4539903320919567164537511416711
-3.432827856980440017764522053767
-3.4117728711231474214571335323853
-3.3908225116904202600665030331584
-3.3699733992638711832512399269035
-3.349221729454847640283787768567
-3.3285568142627779408826427243184
-3.3080029986591323876155001926236
-3.2875850454446911008687948196894
-3.2673017158883825850068660656689
-3.2471517380325058965695461665746
-3.2271339085699279891628066252451
-3.2072469666640608387808697443688
-3.1874896966832388933710262790555
-3.1678608702536013019823712966172
-3.1483592764255798890360438235803
-3.1289836985064658492206035589334
-3.1097329353295846132709812081885
-3.0906057788423062504534755134955
-3.0716010340614752216481520008529
-3.0527175037342937358175731787924
-3.0339540104872941839175837230869
-3.0153093512579571822129764768761
-2.9967823554916672712522540678037
-2.9783718399452578928787715994986
-2.9600766285355111229193880717503
-2.9418955430521984695246828778181
-2.9238274195734739180352335097268
-2.9058710704279553382889389467891
-2.8880253484755291637497975898441
-2.8702890628519308613419980247272
-2.8526610565552608100858833495295
-2.8351401546972172518223942461191
-2.8177251857700862380795570061309
-2.8004149783783129912251297355397
-2.7832083503980915573094989667879
-2.7661041295701229714154578687157
-2.7491011163773904080187548970571
-2.7321981366003846858347969828174
-2.7153939798262363147784981265431
-2.6986874390040607174512388155563
-2.6820772960552385910659722867422
-2.6655623180472383104699929390335
-2.6491412600665840137992290692637
-2.6328128477107548555125049460912
-2.616575797185603846628509927541
-2.6004287863344686115851800423115
-2.584370467902565859930064107175
-2.5683994440490138799759733956307
-2.5525142813241883388286623812746
-2.5367134652214717860374548763502
-2.5209954039001312153800427040551
-2.5053584081536617311769532534527
-2.4898006143169277848414822074119
-2.474319969496422633170595872798
-2.4589140431726850266613837447949
-2.4435800762946868758263008203357
-2.4283125964263749807514614076354
-2.4131150405826859994817823462654
-2.398015231041452643978573178174
-2.3830135870725674962500306719448
-2.3681092378836150480481137492461
-2.3533012867233522591448036109796
-2.3385888824604137425922090187669
-2.3239711420725202017933952447493
-2.309447195099803451512343599461
-2.2950161954441621325884170801146
-2.2806772590306687575889554864261
-2.2664295549855362210678322298918
-2.2522722098143024282990154461004
-2.2382043746555257968111618538387
-2.2242252082796349910154276585672
-2.2103338540449160021239549678285
-2.1965294746382406643192553019617
-2.182811219436557426121225944371
-2.1691782514650705948611175699625
-2.1556297279801781563435270072659
-2.1421648086699840440871867031092
-2.1287826526973434582146182947326
-2.1154824184454410485045627865475
-2.102263275696630628885941405315
-2.0891243710066955685533685027622
-2.0760648711810718580750290129799
-2.0630839337986257575607851322275
-2.0501807003058516443161352071911
-2.037354344162138009011187023134
-2.0246039909490134434122410311829
-2.0119287879641105654116017831257
-1.999327888744544479138198767032
-1.9868003951062602752131169836503
-1.9743454539539160297323405757197
-1.9619621614623032890278864215361
-1.9496496262503044683001007797429
-1.9374069200533272638864445980289
-1.9252331289383537438197890878655
-1.913127284192882804347846104065
-1.901088414757545308475528145209
-1.8891155150652290117818665748928
-1.877207529007807629284343420295
-1.8653633560864129048439963298733
-1.8535818478866137315463902268675
-1.8418617418194593859936958324397
-1.8302016759096968456788090406917
-1.8186001114733969519221545851906
-1.8070552234091721288677945267409
-1.7955649530089936583010512549663
-1.7841240863766998359096760395914
-1.7727421797115217039220169681357
-1.7614359992659998077613181521883
-1.7502048594247729962347648324794
-1.7390480340307852280545830581104
-1.7279648071525652852642451762222
-1.7169544718156231066785721850465
-1.7060163069299685290047818853054
-1.6951496111805555155882530016243
-1.6843536690164921942880482674809
-1.6736277809989854592487290574354
-1.6629712392310012081253489668597
-1.6523833442350495115391595390975
-1.6418633966034810178769021149492
-1.6314106927208782416016674687853
-1.6210245334364559166573371840059
-1.6107042240823863377130464868969
-1.6004490700397269176136205715011
-1.5902583668077097112103501785896
-1.5801314266273891462333267554641
-1.5700675383732005663262043526629
-1.5600660198380136289841857433203
-1.5501261644187191990340579650365
-1.5402472702242273605577338457806
-1.5304286345720758966137964307563
-1.5206695588420779952087968922569
-1.5109693255720650917339753505075
-1.5013272315459638139856224370305
-1.4917425526798315793541860330151
-1.4822145752226500992065894024563
-1.4727425647259233532082589590573
-1.463325786886897406091634366021
-1.4539634952312925353368200376281
-1.4446549387388638585605349362595
-1.4353993427991786901998239045497
-1.4261959277707734194962085894076
-1.4170438880134628156781673169462
-1.4079423985638803706876842625206
-1.3988906066700570463012809341308
-1.3898876250742555615858009332442
-1.3809325222723010107017671543872
-1.3720243107066485421796642185654
-1.3631619180539200630875029673916
-1.3543441766288109029403585736873
-1.3455697411783951178421148142661
-1.3368370389240553652854259780725
-1.3281440677918863180195785389515
-1.3194867371056506755166992661543
-1.3108810092997389418201237276662
-1.3023319279939351567065841663862
-1.2938389833589867272678475274006
-1.2854016452073693255186981332372
-1.2770194040611424490805347886635
-1.2686917396845189820453470019856
-1.2604181378072252250888141134055
-1.2521980885428669605374807360931
-1.2440310786833035372467293200316
-1.2359165917196075490380735573126
-1.2278541268707523492764721595449
-1.2198431655241341875495209023939
-1.2118832098532041907645862011123
-1.2039737422569622982138071165537
-1.1961142571082696850481852379744
-1.188304252702632846094843444007
-1.1805432123578118996931607398437
-1.1728306349708415012855766690336
-1.1651660091708384570097223331686
-1.1575488223797267828274470957695
-1.1499785708669176820251323078992
-1.1424547366060751052430077834288
-1.1349768066734413629603750450769
-1.1275442666305002248350319860037
-1.1201565936841313408933729078854
-1.1128132662146024145499723090325
-1.1055137566246386882085062097758
-1.0982575328255705926494556479156
-1.0910440570052328812522546286345
-1.0838727855564509461316902161343
-1.0767431618230602907715365290642
-1.0696546232172188251041688999976
-1.0626065983930057523565437804791
-1.055598492587213499405152106192
-1.0486297024212349882077432994265
-1.0416995977230201209096094316919
-1.0348075191944403616872705242713
-1.0279527819622487072592775803059
-1.0211346412703672381638853039476
-1.0143523000019463164989019787754
-1.0076048692485404245644531329162
-1.0008913093317537423843077704078
-0.99421042198892894958817123551853
-0.98756018426485414618554159460473
-0.98094012082018988696319183873129
-0.97436362119603914244692077772925
-0.96783170863732281841151916523813
-0.96134393388948846670416514825774
-0.95489987081169291904814144800184
-0.94849907859722915048905633739196
-0.94214112551169670872752703871811
-0.93582557609953642696609676931985
-0.92955199897791285224002422182821
-0.92331996303976748841080279817106
-0.91712903481804564087553899298655
-0.91097878526772313456660867814207
-0.90486878104569168357329544960521
-0.89879859369225767462552312281332
-0.89276779147340512565733661176637
-0.88677594202053622307602154251072
-0.88082261707551623430845211260021
-0.87490737976978882883827282057609
-0.8690298003902416912325179509935
-0.86318944285252419135190393717494
-0.85738587250753650614853995648446
-0.85161865107026479826402010075981
-0.84588733701996421388003000174649
-0.84019149020623951074071555922274
-0.83453066309046008974803498858819
-0.82890440829203193562335627575521
-0.82331226865206741383218513874453
-0.8177537851517231448639222435304
-0.81222849766824534167852789323661
-0.80673592836301710740087855810998
-0.80127559660841929378705117414938
-0.79584701283989545128605413992773
-0.79044967304153679332756610165234
-0.78508305865366023734708278425387
-0.77974663073908012655977017857367
-0.77443982811796807652626739582047
-0.76916206278174592547713928070152
-0.76391270562463753357462792337174
-0.75869107014181746961867247591726
-0.75349640203941592453418252262054
-0.74832782642962181185453118814621
-0.74318432242507292961875009495998
-0.73806423829626321975183600443415
-0.7329668530303170559392356153694
-0.72790338272817289855254330177559
-0.72287488753637296756693331190036
-0.71788101037113816182966274936916
-0.71292140356794686528729698693496
-0.707995715108875933729848384246
-0.70310359224144547418688944162568
-0.69824469196065441778387139493134
-0.69341865949906134058977613676689
-0.68862514639300753671591337479185
-0.68386380829881565635020024274127
-0.67913429019128535024663051444804
-0.67443624795554457662660752248485
-0.66976933246584624548347619565902
-0.66513319192791997558344974095235
-0.66052747551149670890424658864504
-0.65595183896791664501790819485905
-0.65140592397352725662074135470903
-0.64688938001468987426534340556827
-0.64240185320387055423196898118476
-0.63794298950463701469715260827797
-0.63351242767411541922939477444743
-0.62910980704843866284647901920835
-0.62473476921782933324323039414594
-0.62038694419573547911284094880102
-0.61606595779448491967400514113251
-0.61177144246100190194681545108324
-0.607503012939876629872060220805
-0.60326028225162720008967198737082
-0.59904285674951796014653382371762
-0.59485033140313781085950495253201
-0.59068229390716553428575252837618
-0.58653831020114599592574222697294
-0.58241794083615550103871782994247
-0.57832071727481559886285822358332
-0.57424614060809353599523774391855
-0.5701936922668435769878669816535
-0.56616277773004919371402365868562
-0.56215275250343033075495213779504
-0.55816283820644174706870899171918
-0.55419217123406572245158940859255
-0.55023839231081217437946406789706
-0.54630704263569351830653886281652
-0.54240355823168107107790092413779
-0.53852764452505363923506820356124
-0.53467901727926092636522525936016
-0.53085739297965517380362143740058
-0.52706247760091207155142001283821
-0.52329399204590165695094583497848
-0.51955164340758352992111213097814
-0.5158351514640292512225983045937
-0.51214422717366536730310144776013
-0.50847858348505181602661195938708
-0.50483793568884294256093880903791
-0.50122199723219973410692773541086
-0.49763047945182781184314535494195
-0.4940630929366136570024536922574
-0.49051955307270977968414626957383
-0.48699956751790368647547779801243
-0.48350284551943967237264132563723
-0.48002909408566185600619746765005
-0.47657802207557176110697128024185
-0.47314932888477811978589215868851
-0.46974271891576863113826334483747
-0.46635789226148505193236815102864
-0.46299454185980570830594160725013
-0.45965236004952869652839808622957
-0.45633103475400199622313834879606
-0.45303025039131145090820496079687
-0.44974967918860425664107083321142
-0.4464889920893550523395276741212
-0.44324785023064483535648605538881
-0.4400259002233263827541520640807
-0.43682278119862816279095341087668
-0.43363811133358903804335682252713
-0.43047148789358691267636913835304
-0.42732248336826261780885261032381
-0.42419062868035350977180542031419
-0.42107539694168538702001569618005
-0.41797617878898724042002754686109
-0.4148922797308547405492618054268
-0.41182209424508398054598501403234
-0.4087681276901988791649955601315
-0.40573622746760690249701042375818
-0.4027262080698998936156840500189
-0.3997378439169653185913944071217
-0.39677090921209301477290409820853
-0.39382517606370909257762491506583
-0.39090041716345036437729731915169
-0.38799640744598296038248008699156
-0.3851129181463047168598734515399
-0.38224972423818992517396964103682
-0.37940659925833475352163759453106
-0.37658331197117184130362943506043
-0.37377963928553487038541902620636
-0.37099534917502047237647389010817
-0.36823021700954861046284349868074
-0.36548400683292198154461516423908
-0.3627564945326792744673127799615
-0.36004744143298594849511573556811
-0.3573566205336537460190982073982
-0.35468379199601141049669195126626
-0.35202872030820780979709638813802
-0.3493911665840318536702113760839
-0.34677088921395538001490876922617
-0.344167641929819800861167777839
-0.3415811763363712505459091062221
-0.33901124112352182260465838226082
-0.33645757565604172967255180992652
-0.33391991784013852484491735594929
-0.33139799338757219837603429368755
-0.32889152738060273284403933757858
-0.32640022026318588066473580511229
-0.3239237741264519576667169076245
-0.32146185958256873194116565173317
-0.31901413281226431717385594311054
-0.31658021128150337641926626019995
-0.3141596628216418163326295598381
-0.31175198571146334192150106900954
-0.30935660356703281737011934637849
-0.30697202735151069008523450065695
-0.30460134067611638331030121662479
-0.30224899536318128312473163532559
-0.29991477834875091001975988547201
-0.29759847721820642529877432025387
-0.2952998726585608357808609980566
-0.29301875379825392808896822316456
-0.29075490496311823251929240541358
-0.28850811038428925137111491494579
-0.28627815492924235662997034523869
-0.28406482461777776693523378526152
-0.28186790155286639558696037966001
-0.27968717058127473551465413947881
-0.27752241387267145844575111368613
-0.2753734137622850242088645700278
-0.27323995209439816411745027835423
-0.27112180765178789387803703903046
-0.26901876025061310926389523956459
-0.2669305863358555908071423345973
-0.26485706251961527168958809852484
-0.26279796143041289635533530599787
-0.26075305417844335531540878037049
-0.25872211035623271513372856134083
-0.25670489353692194089973099835333
-0.25470116833263273248277869242884
-0.25271068808645441583493607140554
-0.25073320962611500561934008146636
-0.24876847572064395008872850212356
-0.2468162277589819320056108153949
-0.24487619477486158303669583347073
-0.24294809713902490444503712296864
-0.24103164023028078588595235487446
-0.23912651322042216550656235085626
-0.23723238058846216058661582337663
-0.23534887420779590505581779780186
-0.23347558050299774268232511076349
-0.23161200806876250379851001071074
-0.22975759057404837593097113312979
-0.22791087875765339565425904311269
-0.22607622052538284274092461600958
-0.22425598645657396357222523874952
-0.2224500113009774404648766221726
-0.22065812599640824420710316644545
-0.21888016355581091376691915684205
-0.21711595731045835178107950014237
-0.21536533733965401715693133155582
-0.21362813924781520746876140037784
-0.21190418997081536534032863983157
-0.21019332623891875955202124259813
-0.20849537524022146439683922380937
-0.20681016975825086690043974613218
-0.20513753706076917615597210442502
-0.20347730905524932798478232598427
-0.20182931251222924196042640687665
-0.20019337359720881797109370836552
-0.19856932004603067287717976796557
-0.19695697524164348934938573165709
-0.19535616295268462550005494904326
-0.19376670220439543013135619275999
-0.19218841383780665976743762257684
-0.19062111340382181801089700456942
-0.18906461377757929898102418064809
-0.18751872511307018931425716345984
-0.18598325301613716220572314341553
-0.18445799741244850444843450532062
-0.18294275486306568745398237751942
-0.18143731071168792134962188811187
-0.17994144519013743899193968900363
-0.1784549239356903460596015520423
-0.17697750065296910526591034340527
-0.17550890664590479417483948054723
-0.17404884581201945925599261499883
-0.17259698037725693109400992852898
-0.17115291233464979825384943978861
-0.16971608873825555496850370218453
-0.16828575917916957505049424526078
-0.16686628820669416328748013711447
-0.16545852741452773959629496403068
-0.16406233213862375652780656309915
-0.16267755894452418097273493913235
-0.16130406252608564532380341915996
-0.15994169985542364131880788136186
-0.15859032501108696888714177930524
-0.1572497929403699479244949088752
-0.15591995944251219041731815195817
-0.15460067807667965400497678274405
-0.1532918017505401631073169710362
-0.15199318495912619852994396296708
-0.15070467904420073446125627469883
-0.14942613615083016886941891243623
-0.14815740619804218525246142235119
-0.14689833988463854574924027929228
-0.14564878331359501495434471962653
-0.14440858542439766187825966881064
-0.14317758965427332396025406069384
-0.14195563888621384740496012000222
-0.14074257553388300201469007788546
-0.13953823523107491966221971324558
-0.13834245458534646933124179213337
-0.13715506351047784816543639863085
-0.13597588935761073525299025277491
-0.13480475288185811422181359375827
-0.13364146912161189995060794899473
-0.13248584417331438212173111423908
-0.13133767429698420259320812419901
-0.13019674204835157693693759028974
-0.12906281064051494666955477441661
-0.12793561868836356154588429490104
-0.12681486241679021387263048836758
-0.12570019058867304417859145360126
-0.12459100090513587633100911489237
-0.1234872907720496737482562821242
-0.12239288054141519990203335055412
-0.12130800135604030698388555720157
-0.12023252683714316657592746651062
-0.11916633165880674560810348339146
-0.11810928843051315961787395281135
-0.11706127319852788204457283427473
-0.11602215570834972790947858811705
-0.11499181309202542722314177581211
-0.11397011379205361503164084524542
-0.11295693388774691312548270616389
-0.11195214135469777616549436061177
-0.11095560920337892152343073348675
-0.10996720698236857327589888200237
-0.10898680373275534960519905780529
-0.10801426716457909749102839214174
-0.10704946544350953108182267214943
-0.10609226358250940791538852181475
-0.10514252537871729420437816315825
-0.1042001140133463898962418170413
-0.10326488895673838208644212954823
-0.10233670867831703987782532294659
-0.10141542855847152093673457784462
-0.10050089927700824043999006107697
-0.099592969945092563177624356285378
-0.098691483433146376391675858030794
-0.097796276038358914695081125501019
-0.096907179695843101430163812892715
-0.096024014393006867917890190256003
-0.095146589189438926514874594886351
-0.094274698001380469181142984780308
-0.093408109843794218107859705924056
-0.092546558689475380554689820655767
-0.091689739692340760379707376159786
-0.090837085660211536186636749334866
-0.089988889320756743073204120264563
-0.089148223766290515812649175586557
-0.088315161444584303063187746829499
-0.087489601983465253853822218843561
-0.086671443458889149691337649983325
-0.085860585069590461548827420301677
-0.085056924808404960058894062058243
-0.08426036229767205898433246602508
-0.083470792968319371119001459646825
-0.082688117124513738076529989484698
-0.081912228808618134379138098211115
-0.081143026901070905432256097356003
-0.080380406225448577939296512795408
-0.079624261892883158031608559213055
-0.078874488452991581288742395372537
-0.078130979295318883637300189093366
-0.077393626742297522147495669742057
-0.076662321529279375820209452285781
-0.075936954397518616199924679222022
-0.075217411810320211618119401464355
-0.074503581311134381426342088161618
-0.073795345590636163279896209132858
-0.073092586433363915254801668197615
-0.072395181756379864412842550791538
-0.071703005502109340429939265959547
-0.071015927363100889158076256535423
-0.070333811067774504310889938096807
-0.069656512423477284778883245053294
-0.068983878141938542727373828711279
-0.068315742370402721128641587711172
-0.06765191808082257618472965532419
-0.066992193315024789468381527512975
-0.066336316366967018609557271702215
-0.065683864824732166032283942058712
-0.065034821037580264890820558321138
-0.064391970811077864356164468517818
-0.063755491638555525368836640609516
-0.06312528525636781906449357393285
-0.062501255618341980402341562239599
-0.061883306793736457540600071070003
-0.061271339718439045418652000307702
-0.060665258210376611647252076409131
-0.060064964139947912835637566786318
-0.059470358338085824168040005588409
-0.058881342823402058050952234680153
-0.058297817569789654734702111227307
-0.057719682381054016051535882070311
-0.057146836282302063136917524843739
-0.056579177935379983133135084472087
-0.056016603254215049934039427625976
-0.055459009699891405331673155387762
-0.05490629073938582682679054869368
-0.054358339887138479307182592492609
-0.053815048758706289511177800477526
-0.053276306277567749003498676074742
-0.052741999262845555562773114388619
-0.052212012258148352006337233888189
-0.051686225465654739297249875562557
-0.051164515678223540517954859296879
-0.050646754494650635114449954699012
-0.050132806852654351881248828703974
-0.049622530399348205309983939059748
-0.049115770350352000450655509666831
-0.048612359165255719650744481441507
-0.048112104613962716759267834731872
-0.047614783297560796249126013890418
-0.047120118387993507880207033622355
-0.046627529696931048486252535667518
-0.046139219594040409289092963263101
-0.045655957590547496804944671566773
-0.045177666337342735347615274577038
-0.044704269246839040130581111043284
-0.044235687951770574777299316338031
-0.043771845508153828241404426080408
-0.043312663047323576859248817072512
-0.04285806308553780086256779213727
-0.042407966361584475967205776214541
-0.041962293479821527464324049105926
-0.041520965313171592780960850177507
-0.041083901061379761443514979646352
-0.040651020188264830323987553128973
-0.040222240586115114158172190172991
-0.039797480073587743198970656521851
-0.039376655017425765681338134527323
-0.038959680535315656391137650871315
-0.038546471208850602296891452169803
-0.038136939098251179669496480073576
-0.037730995101545324044156615173051
-0.037328548460249209861583352676462
-0.036929504767719716074036995223651
-0.036533767904931943593105359013862
-0.036141237974327097837168309979461
-0.035751809748026532054243631364443
-0.035365373532268290501789920199371
-0.034981811854993355437315472045157
-0.034600997497494144494734058525864
-0.034222788933912937081593952370895
-0.033847023418469054933943596097379
-0.033473513043981724390807386271263
-0.033101921574918827251288178104005
-0.032732364315848791469498735295929
-0.032366779955123277379147594956521
-0.032005237135397331116326569144803
-0.031647669210030919539899940673422
-0.031294010314873076106234606186263
-0.030944194297620700173645502673025
-0.030598154307394990342183760390071
-0.030255823249459058710275627390729
-0.029917134494458940546790515213615
-0.029582019683025512213347951728792
-0.029250411384084493843227292586562
-0.028922240493358279678215438934785
-0.028597437973449234271949848107397
-0.028275934250233902139681774201563
-0.027957658358054932740133224911006
-0.027642539234180262680551365406245
-0.027330504291584269138670748588993
-0.027021480057441968347653471482772
-0.026715391686723228420463627230674
-0.026412162959336446532709885559598
-0.026111715702414831780098225522124
-0.025813969753239116022847099429782
-0.025518842392820376835382845115419
-0.025226247832746847427065617353037
-0.024936096702394050517170853709104
-0.024648294182326141443795108898485
-0.024362739905156350489479066823151
-0.024079324699955707150822448170402
-0.023797926746198939940146743765581
-0.0235184062469232582626155192429
-0.023240602510359378851667599974462
-0.02296420775104564271362761473938
-0.02268944796822285406290298226395
-0.022417904342208663098778842481806
-0.022149592352555338287123376517229
-0.021884456302814159212033473522752
-0.021622439413028712168474143595631
-0.021363485520283675284103352964848
-0.021107537682143358293007651127482
-0.020854538807933423877338796614822
-0.020604431627621121181359598040217
-0.020357158298245883049082394222751
-0.020112660668987945855601395805934
-0.019870880121505458959507706140357
-0.019631757350454841909437320168763
-0.019395232667938105963756356686645
-0.01916124543099749152896826842607
-0.018929734425165798544776762923902
-0.018700637491384841659680660086451
-0.018473891206780650858787495849356
-0.018249431188715664609034661225451
-0.018027191484943146104757971670551
-0.017807104507449513647321381881738
-0.017589100603834395553093372654985
-0.017373107802137955496535326460616
-0.017159051063982983659217396166241
-0.016946851657353097925229334919095
-0.01673642586818077995780562616801
-0.01652768376626399110529419544946
-0.0163205261991435576773845639309
-0.016114840494752230570796314168547
-0.015910495158771464918601168392343
-0.015707308944209998069485578753302
-0.015505054016275693351545328368957
-0.015305101569587760412805010901138
-0.015107706207423191729910527669745
-0.01491282198828378785515624826985
-0.01472040322588660798963644538162
-0.014530404192318250103377330617604
-0.014342778409553585960978239199903
-0.014157479844286254347385245466739
-0.013974461534395693149135375676906
-0.013793676550516959650183324015416
-0.013615077636114657211319212137823
-0.013438617049478792514483060926977
-0.013264246393629832224125841833029
-0.013091917045603839939160728533807
-0.012921579745361698454697574334205
-0.012753184384770310105805535272339
-0.012586680165632095976246951352095
-0.012422015473055393261492262979573
-0.01225913746921218627772276477117
-0.012097992335894886678504533961132
-0.011938524415608005313504946798275
-0.011780676760348347126283741204134
-0.011624390013940732319097648428396
-0.011469602154656911158214782631148
-0.011316248005820142216726331696464
-0.01116425805016574290817743531079
-0.011013556559153555788888034783213
-0.010864059719699168879425421607721
-0.010715670635538604438252718864533
-0.01056827801017466879340833685319
-0.010421671102055267421615525336165
-0.01027599273779549078622341795608
-0.010132368650510769486627893343211
-0.0099908131090719852485104723882614
-0.0098512842893331009630486505557201
-0.0097137397098092034819494244857196
-0.0095781372882783044619969814448268
-0.0094444341069752756750999012069769
-0.0093125874740718692090801766880759
-0.0091825540041239467337064183993789
-0.0090542903797508917512759651913257
-0.0089277525700058035784678622803767
-0.0088028961733560284752542202113545
-0.0086796765873492082166151817546051
-0.008558048328087434347688500224649
-0.0084379654278881281032065331260128
-0.0083193813229958217536630371569117
-0.0082022483791365004973661356757475
-0.0080865183736782194484637997788923
-0.0079721416401905120102666657544432
-0.0078590674273635429541995378599495
-0.007747243527130764396970707963419
-0.0076366156084472034543120244620695
-0.007527127294798479674453606236284
-0.0074187193306356098709830604320814
-0.0073113286829355646212480479562146
-0.0072048873246648350437970620419037
-0.0070993204227024851032945562678833
-0.0069945424690665315703430593430312
-0.0068904547560085290663911550268494
-0.0067869012378866579865421826411875
-0.006683833906907870117675152243919
-0.0065822569649123833721016119113756
-0.0064822537147288146475165859783374
-0.0063837911543391384627810225538269
-0.0062868360998407715745095458714786
-0.0061913552649973417271733744371431
-0.0060973150294228494264214823772363
-0.0060046817994590124395459795891838
-0.0059134214295992679200075770040712
-0.0058234998423863180289083985030629
-0.0057348822518840346373902860932503
-0.0056475339843149174878789153808611
-0.0055614194590966527925735007897856
-0.0054765031980441875730791778664752
-0.005392748702931842233465609126597
-0.0053101192514537452760148283914532
-0.0052285772474219456562583019376689
-0.0051480844745709379225995228068768
-0.005068601595113618810128919278668
-0.004990088505115997802308314135189
-0.0049125034931961509415687672230888
-0.004835803427512683737299337138893
-0.0047599433429309249629635125700133
-0.0046848756209107462328278259633407
-0.0046105495427655124665577979214959
-0.0045369099828406582453066420157484
-0.0044638954366179976751549673963382
-0.0043914346183092194120245466137931
-0.0043194479786278303784508025842115
-0.0042477431052919184181759781893106
-0.0041767003382436303574043456876552
-0.0041068727951841218007378309096111
-0.0040382340710719364512693019264589
-0.0039707575941833423913140954653045
-0.0039044165870068675561199711410154
-0.003839184092266224868073010156877
-0.0037750330578305052627030580225664
-0.0037119362921641139638206929873832
-0.0036498660716094370043416361681921
-0.0035887948431935737421405452352019
-0.0035286945479467567328424326689174
-0.0034695367061833601134146487510179
-0.0034112928170746603315222067465129
-0.0033539336134298450287083426246681
-0.0032974295897906487698425515020517
-0.0032417507089775414452770263551429
-0.0031868662029666729867960484057221
-0.0031327445931437032308752854703471
-0.0030793537032174607762091689266981
-0.0030266602674620234764146786687888
-0.0029746296877694849286610789818042
-0.0029232260070384454703207310899415
-0.0028724113032910052190072036637503
-0.0028221451752861916734138603146675
-0.0027723837932511056526829751334162
-0.0027230785046099955856724328384644
-0.002674173318787384685812913431846
-0.0026256048319846002694899489426916
-0.0025772376250901285477112878652406
-0.002529264959308620639572007249285
-0.0024822075047480113459130723896351
-0.0024360501398609964163188834618268
-0.0023907713813558668924930117327676
-0.002346349697950893004733119440175
-0.002302763388069407977237768037071
-0.0022599905959734887909984291098908
-0.0022180093042402414596492299381225
-0.0021767973283936797174176192015693
-0.002136332253972124048391201256436
-0.0020965914238253568341319166279391
-0.0020575519425020225190714473484377
-0.0020191905799342266432383485863511
-0.0019814838185977291275252643032445
-0.0019444076128228072498915768306915
-0.0019079376742037949636621174676065
-0.0018720489931160133253995603297426
-0.0018367160776058943233435272190945
-0.0018019126193515810040179925266557
-0.0017676114757659852974591707663876
-0.0017337844753781816303783713806297
-0.0017004020466034916285458233886629
-0.0016674329239285898274225417026173
-0.0016348436987085241713091310344907
-0.0016025976937604526073588573353845
-0.0015706538111854627479818669044676
-0.001538964037285153567402584684487
-0.0015074713572148627522412356327663
-0.0014760472539787263673849437850549
-0.0014451344359062952629746412469558
-0.0014149174796252370067684012155951
-0.0013853779650635927606777686449391
-0.0013564974780120022876395147193307
-0.0013282574048275820523951074036972
-0.0013006390457418982517512340280064
-0.001273623534205030674582026506414
-0.0012471918720638058581534624025267
-0.0012213248402696504947562150533713
-0.001196003085175694575711946576746
-0.0011712069249848475541164738444877
-0.0011469165404662472716734722411047
-0.0011231117456379487249545912064264
-0.0010997720452102486849571549853977
-0.0010768766107554154747016905702139
-0.0010544040851450558245877564544912
-0.0010323327388913512703272346016092
-0.0010106401253629953077006753403566
-0.00098930317480997809545528731689501
-0.00096829795965444891321649567572649
-0.00094759942899734202290812357105665
-0.00092718128272509248155586192297051
-0.0009070154587639219813388624658046
-0.00088707145271281462838020015482243
-0.00086731549291925132735142645046267
-0.00084770838696641591034075524646596
-0.0008282066164384239113915864294313
-0.00080870243895434456259108113584944
-0.00078945245546581919744016930806652
-0.00077067639008237588411215357453443
-0.00075236161082949842057038258857915
-0.00073449538833007398282159972069394
-0.00071706490984802342437964828292252
-0.0007000572469407614819431051600418
-0.00068345945066859605920156495173501
-0.00066725836250841499656949462604416
-0.00065144074505257831830817849549931
-0.00063599323070553123813525298047011
-0.00062090224418414013789202510196219
-0.00060615409190186895181662318776716
-0.00059173479550616312275246322371913
-0.00057763023203757338404351617811017
-0.00056382593038055396020974407989002
-0.00055030716120097866034255318368196
-0.00053705879560723599700639008247549
-0.00052406529245238554163416333508962
-0.00051131059898504760581616768178037
-0.00049877801046731783628229717209024
-0.000486450051495689039793290930902
-0.00047430824699298910346323410180958
-0.00046233279113657658326852484265146
-0.00045050202244364294986572749834863
-0.00043879158691033208223447603657519
-0.00042717319798067849342254609368297
-0.00041561102924289584047146117740112
-0.0004040428158509565270684049664851
-0.00039274113929962793006003818341298
-0.00038177964428161748240697637157837
-0.00037114796504112974699640670195322
-0.0003608355972018160995329338902593
-0.00035083205265150926941558617855321
-0.0003411266698768672736563623004713
-0.00033170877018682344604741385474256
-0.00032256753268177602508859358465543
-0.00031369203159460379596798484946873
-0.00030507122418658484414716314248039
-0.00029669391908704377622957304438955
-0.00028854877016539371564762817001792
-0.00028062424386230983702761321296748
-0.00027290861879640754359549470464685
-0.00026538991628827441129900854832613
-0.0002580559122239018125972986883454
-0.00025089404028378204779964333326348
-0.00024389138818123247843400180911999
-0.00023703456915511971598263529781292
-0.00023030967308998516289431091053075
-0.0002237020806283072471391804025842
-0.0002171963116483057528068034702784
-0.0002107756769083667211690802378854
-0.00020442181988184989806234259646089
-0.00019811381408438798711058037582688
-0.00019182852990691756081206853501442
-0.00018551381556242306698246979923539
-0.00017927215691854138032712562278448
-0.00017321469893288139133696867943968
-0.00016733721872269407757172210438057
-0.00016163548520780563551475783601319
-0.00015610522795295522844975788512301
-0.00015074214993285412421929192472447
-0.00014554192290462621053176439644972
-0.00014050017346810893628140937128279
-0.00013561248320305668412649735543596
-0.00013087438917603678219941931715198
-0.00012628135994560934877994906599952
-0.00012182880277963873045556086882613
-0.00011751204357111490563826683430904
-0.00011332631399864321361352359485153
-0.00010926674336510176755409007309794
-0.00010532832054348175050695335386308
-0.00010150589269662134753700877265459
-9.7794102694173103921398970683754e-05
-9.4187368654406438263186618353728e-05
-9.0679795761973422721889670494733e-05
-8.7265105901549206855911944291648e-05
-8.3936482071489745956580086350129e-05
-8.0686360357294967964904286450434e-05
-7.7506042204923583345890780726961e-05
-7.4385047781077732803253765858642e-05
-7.1311395035733707086986199463752e-05
-6.8248064475640878349081697162859e-05
-6.5316935378821459239409574770718e-05
-6.259636429885744631895078127215e-05
-6.0077504383570507872757565648314e-05
-5.7751448712762668859493214723599e-05
-5.5609213805834570840992692186688e-05
-5.3641746796322952481154977544264e-05
-5.1839901200413884786374896229688e-05
-5.0194442199530899429045505133473e-05
-4.8696025814757581159746002708033e-05
-4.7335192255616151185346196506032e-05
-4.6102352207535611181010715142747e-05
-4.4987765530093737657499342041945e-05
-4.3981529492735536781156807650817e-05
-4.3073548962745431900947523651269e-05
-4.2253513199215454385071488729864e-05
-4.1510858030369994693155322185163e-05
-4.0834727312080227245791319568013e-05
-4.021391007245194435578555802735e-05
-3.9636776819548219627682705823446e-05
-3.9091171559660204651472092951536e-05
-3.8564277449631871391103749013851e-05
-3.8042403605785937768888477217288e-05
-3.7510655704186908932125377180711e-05
-3.6952364705850170164495166469365e-05
-3.6348634582154698579627150056837e-05
-3.5671409681696977897642775179321e-05
-3.4910202305775311416337347569794e-05
-3.4215653580515016163928615489098e-05
-3.3600514384748883089243376431909e-05
-3.3060716086305620719544562380321e-05
-3.2592157264572772399843780810613e-05
-3.2190700396826868608622651546369e-05
-3.1852169888287099042394751036156e-05
-3.1572346150708664183019008797615e-05
-3.134696336283952799485474915997e-05
-3.1171701929780505039169896663864e-05
-3.1042185106033323802477569275382e-05
-3.0953970914219919145522058601117e-05
-3.0902543614247227933555794976428e-05
-3.0883306700905058673600062091325e-05
-3.0891569231188138581773588997592e-05
-3.0922533901588548162393810248005e-05
-3.097127933918024432578125493265e-05
-3.1032739456418694499757054972022e-05
-3.1101675723489680775932231249215e-05
-3.1172640912554750347758514283925e-05
-3.1239928420329368620369375753043e-05
-3.1297498694336133495327856302026e-05
-3.133886863303490279402535589881e-05
-3.1356922648102209341160195865683e-05
-3.134368208346262883214061734094e-05
-3.1289232563480332753418078350904e-05
-3.1181077375002047395724513734194e-05
-3.1064294099211407480885110965474e-05
-3.0949283083342640093566650039136e-05
-3.0835907905503617853267689374874e-05
-3.0724030580864256155353142485609e-05
-3.061351166108588903657858337759e-05
-3.0504207812761368332540173886613e-05
-3.0395974542072043747802795321533e-05
-3.0288662492972063584482575460122e-05
-3.0182118904532833069407141146634e-05
-3.0076185668295053998169338860258e-05
-2.9970698129853988282700338885434e-05
-2.9865484451974734389457719063721e-05
-2.9760362882394499186916245192513e-05
-2.9655138953779902410241506305333e-05
-2.9549603881839015733033054766921e-05
-2.9443526932840496500992655271034e-05
-2.9336652640149966329028222156161e-05
-2.922868785979495343625364500717e-05
-2.9119290643959884912900237807776e-05
-2.9008048665836081402014112740062e-05
-2.8894443895644476405070583124868e-05
-2.8777794923023035378317757704281e-05
-2.8657148596349113229414529158134e-05
-2.85312351160894310151631275696e-05
-2.8396537014609508550993383080296e-05
-2.8256372960818389210779430498199e-05
-2.8153282859967236297820195045638e-05
-2.808784754818744578254777199966e-05
-2.8056376719506335483140385678169e-05
-2.8055140955470912761003307589469e-05
-2.8080368674990715340033034519429e-05
-2.8128242758254076629625961558645e-05
-2.819489490861316438423400665414e-05
-2.8276402736944611767061844020965e-05
-2.8368782629055888671763471786669e-05
-2.8467985028601281918955376304403e-05
-2.8569885771129638384405180495662e-05
-2.8670279068385297977991643669782e-05
-2.8764866625558758024506708639301e-05
-2.8849246006690480167511739240105e-05
-2.8918897147974911344438242455368e-05
-2.8969162032238161835632009322161e-05
-2.8995225919049946483900190297156e-05
-2.8992083126195633893673608838526e-05
-2.8954502488651844428323850477724e-05
-2.8876966235056889540158686635607e-05
-2.8753591139794338623443190061657e-05
-2.8577993410714675831746714451675e-05
-2.8343067858339687981788015957996e-05
-2.8040970018160677059522109533241e-05
-2.7657121590558127416457218084034e-05
-2.72162701899081548018426851554e-05
-2.6736926123117454433958384285575e-05
-2.6218250459271702067914899814127e-05
-2.5659331288972877594192767425341e-05
-2.5059176769821882465021783970016e-05
-2.4416698249709318352916598282576e-05
-2.373070320552081953805433067739e-05
-2.2999872194188564298450438982968e-05
-2.2222740490587743439170054227105e-05
-2.1397671826201663505730848902076e-05
-2.0522824981385350998986175086181e-05
-1.9596110495236688896344631749535e-05
-1.8615138644873231542472766242291e-05
-1.7577141178676914745962478470176e-05
-1.6478875896145788468652448877094e-05
-1.5316489563864897887474070259373e-05
-1.4085309557698522128321542978835e-05
-1.277955457617651486830565726871e-05
-1.1391857162434157295372028073643e-05
-9.912481969259423838928060868092e-06
-8.3279039223403733733803316896527e-06
-6.6179241311868768161204464040015e-06
-4.7487393942807993855895025425706e-06
-2.6502804717030261762796168600875e-06
-3.7949751277793616584033814351131e-12

