268728559.85840594768524169921875
165653403.81935864686965942382812
89408232.675544112920761108398438
50238614.803019464015960693359375
30191407.606215126812458038330078
19410264.129542436450719833374023
13184198.325892074033617973327637
9355309.3421908244490623474121094
6878822.6003369120880961418151855
5208062.7742057954892516136169434
4039485.9067963534034788608551025
3197653.0456710383296012878417969
2575802.3449354995973408222198486
2106337.0714320400729775428771973
1745054.1714610795024782419204712
1462353.443101348355412483215332
1237886.1515322732739150524139404
1057368.7818251524586230516433716
910545.36909819929860532283782959
789858.75928376801311969757080078
689664.06401067669503390789031982
605799.01922502112574875354766846
535052.88867559679783880710601807
474942.39800735370954498648643494
423530.13332308927783742547035217
379289.09507465257775038480758667
341004.4231493754778057336807251
307701.18229790037730708718299866
278591.65074307908071205019950867
253047.29411865150905214250087738
230540.01599783441633917391300201
210628.70632812668918631970882416
192947.2945118852658197283744812
177190.22388653678353875875473022
163101.05962401392753235995769501
150463.48850281938211992383003235
139094.15920014918083325028419495
128836.94958894510637037456035614
119558.34835262647538911551237106
111143.71263666581944562494754791
103495.23113517872116062790155411
96531.575495758646866306662559509
90177.66681567978230305016040802
84367.60579355238587595522403717
79043.901674324952182359993457794
74156.243177933298284187912940979
69660.470868476069881580770015717
65517.714531544450437650084495544
61693.666308855237730313092470169
58158.358069750152935739606618881
54886.521794973392388783395290375
51854.022055023327993694692850113
49039.137995842065720353275537491
46422.484763276712328661233186722
43986.72484447964234277606010437
41716.319513151807768736034631729
39597.314214261081360746175050735
37617.725872687820810824632644653
35766.703809844795614480972290039
34033.815662342938594520092010498
32409.63540620644562295638024807
30885.631861963527626357972621918
29454.070880293638765579089522362
28107.974586027372424723580479622
26841.651998308374459156766533852
25649.481654910014185588806867599
24526.102363327088824007660150528
23466.611963918523542815819382668
22466.522097289122029906138777733
21521.71799648452724795788526535
20628.422684471068350831046700478
19783.165041114927589660510420799
18982.75127533116392442025244236
18224.239399180445616366341710091
17504.916353067055752035230398178
16822.277476177165226545184850693
16174.008055016816797433421015739
15557.966716303473731386475265026
14972.170459323360773851163685322
14414.781147853154834592714905739
13884.093303418814684846438467503
13378.523060499779603560455143452
12896.598160684599861269816756248
12436.94887708404166914988309145
11998.299772799797210609540343285
11579.462208177214051829650998116
11179.327521149882159079425036907
10796.860813392791897058486938477
10431.095282392518129199743270874
10081.128610480440329411067068577
9746.2915332825377845438197255135
9425.8912714939233410404995083809
9119.1579295201991044450551271439
8825.3702798556969355558976531029
8543.8522184149060194613412022591
8273.9695113690540893003344535828
8015.1268068293884425656870007515
7766.7648873972721048630774021149
7528.3581419874999482999555766582
7299.4122374584376302664168179035
7079.4619724822287025745026767254
6868.0692977859134771279059350491
6664.8214884132557926932349801064
6469.3294550180680744233541190624
6281.2261824197994428686797618866
6100.1652847478553667315281927586
5925.8196674853452350362204015255
5757.8802876085846946807578206062
5596.0550038160754411364905536175
5440.0675095593251171521842479706
5289.6563422364142752485349774361
5144.5739624947946140309795737267
5004.5858981190403937944211065769
4869.4699474582857874338515102863
4739.015437781680702755693346262
4613.0225343432148292777128517628
4491.3015962939107339479960501194
4373.672575902948665316216647625
4259.9644578435127186821773648262
4150.0147355666367730009369552135
4043.6689220296930216136388480663
3940.7800922679771247203461825848
3841.2084554999969441269058734179
3744.8209546413695534283760935068
3651.4908912706805494963191449642
3561.0975742444193201663438230753
3473.5260959590686979936435818672
3388.7040056883006400312297046185
3306.5530749326667319110129028559
3226.9685103239348791248630732298
3149.8504006799721537390723824501
3075.1034549057703770813532173634
3002.6367557815356121864169836044
2932.363528566686454723821952939
2864.2009234280262717220466583967
2798.0698107732559947180561721325
2733.8945886382498429156839847565
2671.6030013382769539020955562592
2611.1259686501980468165129423141
2552.3974248452555002586450427771
2495.3541669402743536920752376318
2439.935711579832059214822947979
2386.0841600030626068473793566227
2333.7440705867998076428193598986
2282.8623384919874297338537871838
2233.3880819726668960356619209051
2185.2725349370439289486967027187
2138.4689453778673851047642529011
2092.9324793152077290869783610106
2048.6201299185427160409744828939
2005.490631497249523818027228117
1963.5043780691125903103966265917
1922.6233462355123720044502988458
1882.8110221096956138353561982512
1844.0323320608936228381935507059
1806.2577244050287390564335510135
1769.4695941354509614029666408896
1733.6372274893274152418598532677
1698.7297153895494830067036673427
1664.7173356142993725370615720749
1631.5715002732845277932938188314
1599.2647059096270822919905185699
1567.7704860813234972738428041339
1537.0633662850984819669974967837
1507.1188210938682914274977520108
1477.9132333867974011809565126896
1449.4238555582132903509773313999
1421.628772598457544518169015646
1394.5068669461034005507826805115
1368.0377850169093107979279011488
1342.2019053204712690785527229309
1316.9803080806877915165387094021
1292.3547462810865908977575600147
1268.3076180605910394660895690322
1244.8219403895859613840002566576
1221.8813239601633995334850624204
1199.4699492281797574833035469055
1177.5725435482843295176280662417
1156.1743593463882007199572399259
1135.263040737690062087494879961
1114.8306742675681562104728072882
1094.8639631136179559689480811357
1075.3496117615384264354361221194
1056.2747758622019773611100390553
1037.6270446030216589861083775759
1019.3944238564963598037138581276
1001.5653200678298162529245018959
984.12852484557799925823928788304
967.07320022120961766631808131933
950.38886454529756520059891045094
934.06537898974727340828394517303
918.09293462711059419234516099095
902.46204005954882632067892700434
887.16350957142105926322983577847
872.18845178086689884366933256388
857.5282587669915983497048728168
843.17459565048977765400195494294
829.11939060667418743832968175411
815.35482529093951598042622208595
801.87332565772635462053585797548
788.66835016613981679256539791822
775.73654482880294835922541096807
763.07140094322744516830425709486
750.66612344106215459760278463364
738.51412219624467070389073342085
726.60900490852043276390759274364
714.94457026610814409650629386306
703.51480137531473246781388297677
692.31385944549788291624281555414
681.33607771831532318174140527844
670.5759556307459661184111610055
660.02815320184595293540041893721
649.68748563370002102601574733853
639.5489181174535815443960018456
629.60756083575620323244947940111
619.85866415334146495297318324447
610.29761398785490200680214911699
600.91992735340386388998012989759
591.72124806965382504131412133574
582.69734262961992499185726046562
573.84409621961401626322185620666
565.15750888511138327885419130325
556.63369183657175653934245929122
548.26886388952925699413754045963
540.05934803351215123257134109735
532.00156812459840693918522447348
524.09204569664655082306126132607
516.32739688645665410149376839399
508.70432946832590914709726348519
501.21963999366658981671207584441
493.87021103153267631569178774953
486.65300850609929739221115596592
479.56507912729023246356518939137
472.60354791092902360105654224753
465.76561578493544857337838038802
459.04855727824445921214646659791
452.44971828925730505943647585809
445.9676353560415691390517167747
439.60123065875467318619485013187
433.34796538234638774156337603927
427.20535916731415682079386897385
421.17099586380157916210009716451
415.24252162148167144550825469196
409.41764304354848036382463760674
403.69412540241756914838333614171
398.06979091484413402213249355555
392.54251707425282802432775497437
387.11023503817159507889300584793
381.77092806873980634918552823365
376.52263002434870031720492988825
371.36342390054778661578893661499
366.2914404184272143538692034781
361.30485665875426093407440930605
356.40189474021838123007910326123
351.58082054019433826397289521992
346.83994245650592347374185919762
342.177610208723365303740138188
337.59221367759357690374599769711
333.08218178125156327951117418706
328.64598138691491158169810660183
324.28211625681581153912702575326
319.98912602717138042862643487751
315.76558521903967857724637724459
311.61010227995404875400708988309
307.52131865526740739369415678084
303.49790788818489772893371991813
299.5385747474969662107469048351
295.64205438206164444636669941247
291.80711150112858831562334671617
288.03253957961902642637141980231
284.31716008752215429922216571867
280.65982174258886061579687520862
277.05939978554204117244808003306
273.51479527704663041731691919267
270.02493441571158427905174903572
266.58876787642651606802246533334
263.20527016835478661960223689675
259.87343901193531792159774340689
256.5922947342649536039971280843
253.36087968226036082342034205794
250.1782576530135884240735322237
247.04351334078504009994503576308
243.95575180008967208777903579175
240.91441814205060722997586708516
237.9194685337626538057520519942
234.97008226598126157114165835083
232.0654153140712026015535229817
229.20464202298703071392083074898
226.38695464854802708032366354018
223.6115629116351328775635920465
220.87769356490630912048800382763
218.18458997163492085746838711202
215.53151169629742867073218803853
212.91773410654357689963944721967
210.34254798619625148603518027812
207.80525915894341437706316355616
205.30518812238886994236963801086
202.84166969214865616777387913316
200.41405265568442928270087577403
198.0216994355758117762889014557
195.66398576194802672034711576998
193.34030035377492140469257719815
191.05004460879192151878669392318
188.79263230175837406932259909809
186.56748929082036170257197227329
184.37405323172993121261242777109
182.21177329968952562921913340688
180.08010991859200089493242558092
177.97853449744010845279262866825
175.90652917373159880298771895468
173.86358656360599184154125396162
171.84920951855454518408805597574
169.86291088850089181505609303713
167.90421329106777648121351376176
165.9726488868484750582865672186
164.06775916051148556107364129275
162.1890947075662836596166016534
160.33621502663098112861916888505
158.50868831704116246328339911997
156.70609128164849721542850602418
154.92800893465999934051069431007
153.17403441437511446565622463822
151.44376880068207924523449037224
149.7368209371774128157994709909
148.05280725777984685009869281203
146.39135161771164916899579111487
144.75208512872393384895985946059
143.13464599844945723816636018455
141.53867937376554664297145791352
139.96383718805736862123012542725
138.40977801227236909653584007174
136.87616690966217447567032650113
135.36267529410923771138186566532
133.86898079194057231688930187374
132.39476710713236684568983037025
130.93972388981404719743295572698
129.50354660797998462840041611344
128.08593642232398224223288707435
126.68660006410982532543130218983
125.30524971599766104191076010466
123.94160289574524824729451211169
122.59538234270802092851226916537
121.2663159070617808765746303834
119.95413644167665268014388857409
118.65858169657055043444415787235
117.37939421587435617766459472477
116.11632817584654731035698205233
114.86940536094299147862329846248
113.63851246003144979113130830228
112.4233987512073582593075116165
111.22381810114703171166183892637
110.03952886913572228877455927432
108.87029381335369748740049544722
107.71587999936001267542451387271
106.57605871071761782786779804155
105.45060536170380771636700956151
104.33929941205262537096132291481
103.24192428367499019259412307292
102.15826727930786432807508390397
101.08811950304085769403172889724
100.0312757826733616184355923906
98.987534593854633158116484992206
97.956697985962279062732704915106
96.938571509673522541561396792531
95.932964146187643450502946507186
94.939688238057044600282097235322
93.958559421586528515035752207041
92.989396560760965826375468168408
92.032021682664108652716095093638
91.086259914349327004856604617089
90.151939421127735840855166316032
89.228891346237375614691700320691
88.31694975185965290620515588671
87.41595156144887823757017031312
86.525736503343466665683081373572
85.646147055626613564527360722423
84.777028392205082241162017453462
83.918228330077695886757283005863
83.06959727776293789247574750334
82.230988184858418321709905285388
81.402256492703571666424977593124
80.583260086120148457666800823063
79.773859246202746930975990835577
78.973916604135709462752856779844
78.183297096010051063785795122385
77.401867918617327291030960623175
76.629498486196851558815978933126
75.866060388113055523717775940895
75.111427347441349411383271217346
74.365475180440085978261777199805
73.62808175688820711002335883677
72.899126961267938895616680383682
72.178492654772199443868885282427
71.466062638117705319018568843603
70.761722615144350356786162592471
70.065360157182652756091556511819
69.376864668171648986572108697146
68.696127350508689346497703809291
68.023041171615162170382973272353
67.357500831200596280723402742296
66.699434362706782053464849013835
66.048867335249241250494378618896
65.40571193434944063938019098714
64.769868363653770870769221801311
64.141238386010485328370123170316
63.519725295659505093226471217349
62.905233890980440492057823576033
62.297670447786863689998426707461
61.696942693154340986438910476863
61.102959779770358750283776316792
60.515632260794674834869510959834
59.934872065219082060139044187963
59.360592473714511640991986496374
58.792708094956175557399546960369
58.231134842415066543708235258237
57.675789911606216264772228896618
57.126591757783579339502466609702
56.583460074071254553018661681563
56.046315770022971491926000453532
55.515080950598353126679285196587
54.989678895549253923036303604022
54.470034039205437181863089790568
53.95607195065205274886466213502
53.447719314290054626326309517026
52.944903910771273558566463179886
52.447554598300612838102097157389
51.955601294296521075466444017366
51.468974957403368364339257823303
50.987607569847213540015218313783
50.511432120127814471288729691878
50.040382586040557555406849132851
49.574393918020021487791382241994
49.113402022799732549174223095179
48.657343747380075171804492129013
48.206156863299426618141296785325
47.759780051200493744545383378863
47.318152885687140951631590723991
46.881215820464625210206577321514
46.448910173757873565136833349243
46.021178114001841663593950215727
45.59796264579822633322692126967
45.179207596133174718033842509612
44.76485760085055432000444852747
44.354858091375469086869998136535
43.949155281682784845997957745567
43.547696155506010029512253822759
43.150428453780939719308662461117
42.757300662320083972645079484209
42.36826199971246609266017912887
41.983262405444513376551185501739
41.602252528237762874141481006518
41.225183714598330197986797429621
40.852007997574666831042122794315
40.482678085718767135858797701076
40.117147352247044977957557421178
39.755369824396780131792183965445
39.397300172974290433103305986151
39.042893702090658791803434723988
38.69210633908191709906532196328
38.34489462460923192566042416729
38.001215702936214313467644387856
37.661027312379253828567016171291
37.324287775927942334419640246779
36.990955992031757659788127057254
36.660991425550314204429014353082
36.334354098863087756399181671441
36.011004583136575263324630213901
35.690903989744761304336861940101
35.374013961840674369341286364943
35.060296666075515759075642563403
34.749714784462959471511567244306
34.442231506385425632288388442248
34.13781052073965582849268685095
33.836416008219224238473543664441
33.538012633730666323117475258186
33.24256553894147003802572726272
32.950040334956582910308497957885
32.660403095121559147173684323207
32.373620347949717768187838373706
32.089659070170711174796451814473
31.80848667989863898242219875101
31.530071029917049685309393680654
31.254380401078698525907384464517
30.981383495818086259987467201427
30.711049431774256390781374648213
30.443347735522138464148156344891
30.17824833641014947716030292213
29.915721560502230857991889934056
29.655738124622068596636381698772
29.398269130497947543290138128214
29.143301203945569000097748357803
28.89084546181545931631262646988
28.640875031866290356674653594382
28.393361299136014253008397645317
28.148276027177203673090843949467
27.905591352382195680092991096899
27.665279778403682797716101049446
27.427314170668665838093147613108
27.19166775098438293412073107902
26.958314092234218151133973151445
26.727227113162083327324580750428
26.498381073243585603904648451135
26.271750567642381923860739334486
26.04731052225016796342060843017
25.825036188808709880504466127604
25.604903140112533321826049359515
25.386887265290667414774361532182
25.170964765166004895036166999489
24.957112147690974524039120296948
24.745306223458019445615718723275
24.535524101283570530540600884706
24.327743183864242837444180622697
24.121941163503738181361768511124
23.918096017909444839233401580714
23.716186006057288437887109466828
23.516189664123718472410473623313
23.318085801483459107430462609045
23.121853496772118319313449319452
22.927472094012134817830883548595
22.734921198801291808422320173122
22.544180674562422694862107164226
22.355230638853328173354384489357
22.168051459735874431089541758411
21.982623752202982814196730032563
21.798928374662875029343922506087
21.616946425479273585779083077796
21.436659239566473900140408659354
21.258048385038900818244655965827
21.081095659913252404749073321
20.905783088863266527823725482449
20.732092920025571913811290869489
20.560007621855863391147067886777
20.389509880034758282363327452913
20.220582594422012334689497947693
20.053208876058850052004345343448
19.88737204421695992095919791609
19.723055623493689125780292670242
19.560243340952812474142774590291
19.398919123309422474221719312482
19.239067094159072013326294836588
19.080671571249585127816317253746
18.923717063795351123189902864397
18.768188269833078862802722142078
18.614070073618520950731181073934
18.461347543063240550509362947196
18.310005927210887932687910506502
18.160030653752233575914942775853
18.011407326578453336196616874076
17.864121723371699346216701087542
17.718159793232665322193497559056
17.573507654344403761115245288238
17.430151591671595667776273330674
17.288078054694970830951206153259
17.147273655180082840843169833533
17.007725164979955678745682234876
16.869419513870923310605576261878
16.732343787421381620106330956332
16.596485224892418841591279488057
16.461831217170320940113015240058
16.328369304730042443907223059796
16.196087175629330090487201232463
16.064972663532877561465284088627
15.935013745766038795181884779595
15.806198541397717960421687166672
15.678515309351732653908584325109
15.551952446546437158758635632694
15.426511349151095231491126469336
15.302195435025629066672081535216
15.1789930122192000538916545338
15.056892503966466279052838217467
14.93588247044605488156321371207
14.81595160695774460180018650135
14.697088742126789284725418838207
14.579282836134792589177777699661
14.462522978976789289617954636924
14.346798388743984276061382843181
14.232098409931939642092402209528
14.11841251177351175272178807063
14.005730286596437039747797825839
13.894041448204918154374354344327
13.783335830284944023560456116684
13.673603384832992091446612903383
13.564834180607597602374880807474
13.457018401603601631677520344965
13.350146345548463244767845026217
13.244208422420648219031136250123
13.139195152989319836933646001853
13.035097167375297999569738749415
12.931905203632828360582607274409
12.829610106351861276152703794651
12.728202825280426679910306120291
12.627674413966934352515636419412
12.528016028421918193203055125196
12.429218925799112582808447768912
12.331274463095313720373269461561
12.234174095868947773624313413166
12.137909376976869779696244222578
12.042471955329322241823319927789
11.947853574662470776956979534589
11.854046072328586092226032633334
11.761041378103252341702500416432
11.668831513009607192543626297265
11.577408588159178393084403069224
11.486764803609153418051391781773
11.396892447235787315662491891999
11.307783893623652105020482849795
11.219431602970583838896345696412
11.131828120007988047746039228514
11.044966072936322376563111902215
10.958838172375532593605385045521
10.873437210330052948847878724337
10.788756059168486345356541278306
10.704787670617298189768007432576
10.621525074768724650198237213772
10.538961379102326887391427590046
10.457089767520280076951166847721
10.375903499395931817161908838898
10.295395908635647685969161102548
10.215560402753533608688485401217
10.136390461958994180236004467588
10.057879638256919108130205131602
9.9800215545601620448223911807872
9.9028099038142922694305525510572
9.8262384481343882924875288153999
9.7503010179535944956796811311506
9.6749915111833928449414088390768
9.6003038923853853958689796854742
9.5262321919542749526499392231926
9.4527705053121113820679966011085
9.379912992113439429431309690699
9.3076538754612627712958783376962
9.2359874411336786437232149182819
9.1649084064902481827630253974348
9.094422751873949550827092025429
9.0245302443209247655886429129168
8.9552251422091959653926096507348
8.8865017664815137976574987987988
8.8183544998838829798160077189095
8.7507777862143338865053010522388
8.6837661295818229234555474249646
8.6173140936751515539526735665277
8.5514163010416535115609804051928
8.4860674323756324355372271384113
8.4212622258163012389786672429182
8.3569954762551184046515118097886
8.2932620346524341670146895921789
8.230056807363213877692942332942
8.1673747554717532892709641600959
8.1052108941353182558486878406256
8.0435602919364175278360562515445
7.9824180702437761425471762777306
7.9217794025817029890390585933346
7.8616395140078578762654615275096
7.8019936804992404688618989894167
7.7428372283462829628319923358504
7.6841655335549381433679627662059
7.6259740212566500261459623288829
7.5682581651260782962253870209679
7.5110134868064868385317822685465
7.4542355553426444814135720662307
7.3979199866211899916379479691386
7.3420624428183014487103719147854
7.2866586318545714107131061609834
7.2317043068570336927791686321143
7.1771952656281579052688357478473
7.1231273501217913235450396314263
7.0694964459258953226594712759834
7.0162984817519831182153211557306
6.9635294289312170690209313761443
6.9111853009169808004230617370922
6.8592621527939225956060909084044
6.8077560807933270581315809977241
6.7566632218147066879510020953603
6.705979752953608041821098595392
6.6557018910354432961185011663474
6.6058258921553605347298798733391
6.5563480512239342701263922208454
6.50726470151876945635649462929
6.4585722142417951729953529138584
6.4102669980822089002003849600442
6.3623454987850118769188156875316
6.3148041987250573825463106913958
6.267639616486493814306868443964
6.2208483064475537105408875504509
6.1744268583706523045862013532314
6.1283718969976339607796944619622
6.0826800816501869206831543124281
6.0373481058352780337372678332031
5.9923726968555826033480116166174
5.9477506154248400704886989842635
5.9034786552880431642620351340156
5.8595536428464098932522574614268
5.8159724367870540007174895436037
5.772731927717340560946013283683
5.7298290378037730619098510942422
5.6872607204154528304229643254075
5.6450239597719589212942992162425
5.6031157705956324832641257671639
5.5615331977682105346616481256206
5.5202733159917292127261134737637
5.479333229453648534956755611347
5.4387100714961116310064426215831
5.3984010042893615377579408232123
5.3584032185091476918614716851152
5.3187139330181638641192876093555
5.2793303945514091779500631673727
5.2402498774054491192941895860713
5.2014716314519757744960770651232
5.1630017574883124709117510064971
5.1248384933067034907594461401459
5.086979011338672584940923115937
5.0494205129270346432690530491527
5.0121602279998125339943726430647
4.9751954147482209123154461849481
4.9385233593086228509605462022591
4.9021413754484308711312223749701
4.8660468042558902013183796952944
4.8302370138336900851072641671635
4.7947093989963480709093346376903
4.759461380971355737301564658992
4.7244904071039321991065662587062
4.6897939505654857583749617333524
4.6553695100655927419097679376137
4.6212146095675397106106174760498
4.5873267980073375582605876843445
4.5537036490161870716519842972048
4.5203427606462938115328142885119
4.4872417551000900459712283918634
4.4543982784626985349518690782133
4.421810000437687016017207497498
4.3894746140860441130371327744797
4.3573898355682807448374660452828
4.3255534038896987780731251405086
4.2939630806487452119313275034074
4.2626166497884048212085872364696
4.2315119173505610916663499665447
4.2006467112334027191877794393804
4.1700188809516793853049421159085
4.1396262973998982914736188831739
4.1094668526183300016896282613743
4.0795384595618688905460658133961
4.0498390518716176345037638384383
4.0203665836492641361132882593665
3.9911190292341194307823570852634
3.9620943829828543236715177044971
3.9332906590518419420732243452221
3.9047058911821026505606369028101
3.8763381324868415589435244328342
3.8481854552414853642972047964577
3.8202459506762269647595076094149
3.7925177287710321039071459381375
3.764998918053093390767571690958
3.7376876653966588648358992941212
3.7105821358252644159847477567382
3.6836805123162830177818705124082
3.6569809956077921064832025876967
3.6304818040077013741040445893304
3.6041811732051733940807025646791
3.5780773560842158431682946684305
3.5521686225395208147403991461033
3.5264532592943971245347256626701
3.5009295697209092956825315923197
3.4755958736620882199019888503244
3.4504505072562339229591543698916
3.4254918227632642491187198174885
3.4007181883931134613874291972024
3.3761279881361021537600208830554
3.3517196215953313220836662367219
3.3274915038209722517592581425561
3.3034420651465357110510012716986
3.2795697510270085395234218594851
3.2558730218788904942073259007884
3.2323503529220718455405858549057
3.209000234023552611262175560114
3.1858212097816158703267319651786
3.1628166108545925361283934762469
3.1399882025572791732770383532625
3.1173344197157475399251325143268
3.0948537123284345362606018170482
3.0725445454057260796787431900157
3.0504053988114137041520734783262
3.0284347671059634876655763946474
3.0066311593916008604310263763182
2.9849930991591766549220210436033
2.9635191241368037395886858575977
2.9422077861401962906029439182021
2.9210576509247818677295072120614
2.9000672980394641697898805432487
2.8792353206820768818374745023903
2.8585603255564948632638788694749
2.8380409327313680378779281454626
2.8176757755004793182251887628809
2.7974635002446839315837223693961
2.7774027662954323680821744346758
2.7574922457998289893055243737763
2.7377306235872524986518783407519
2.7181165970374610019177907815902
2.6986488759502176293381126015447
2.6793261824163767670370361884125
2.6601472506904406678529539931333
2.6411108270645518025787623628275
2.6222156697439062966736855742056
2.6034605487235888965358299174113
2.5848442456667748423626562725985
2.5663655537843181875246045819949
2.5480232777156901491366625123192
2.5298162334112599403113108564867
2.5117432480158901064726251206594
2.4938031597538472539099529967643
2.4759948178149882025422812148463
2.4583170822422455437106236786349
2.4407688238203344432974972733064
2.4233489239657406422168151038932
2.4060562746179177118222014541971
2.388889778131686902895580715267
2.3718483471708649013010017370107
2.3549309046030515446545905433595
2.3381363833955890463300875126151
2.3214637265126905063539197726641
2.3049118868136977411609223054256
2.2884798269524710967459668609081
2.2721665192778850439481175271794
2.255970945735453980773854709696
2.2398920977699927625792497565271
2.2239289762294074392912079929374
2.2080805912695096182574161502998
2.1923459622598953089323003950994
2.1767241176908584954219350038329
2.1612140950813212292302978312364
2.1458149408877869035450203227811
2.1305257104142829582826834666776
2.1153454677232930158936596853891
2.1002732855476695661423036654014
2.085308245203508104026468572556
2.0704494365039649572679536504438
2.0556959576740361228530673542991
2.0410469225469318743648727831896
2.0265045051293553157734095293563
2.0120702924301756553404629812576
1.9977433472417778226315476786112
1.9835227410609659326468090512208
1.9694075540017943470871841782355
1.9553968747093517510649007817847
1.9414898002744804816899204524816
1.9276854361494184519898453800124
1.9139828960643452404610798112117
1.9003813019448583254700224642875
1.886879783830315293613466565148
1.8734774797930668910339591093361
1.8601735358585647084339598222869
1.8469671059263375045844668420614
1.8338573516917953121208029187983
1.8208434425688999613868190863286
1.8079245556136567252281110995682
1.7950998754484259745112240125309
1.782368594187049515298326696211
1.7697299113607842802053937703022
1.7571830338450222797064270707779
1.7447271757867999220081856037723
1.7323615585330776056594004330691
1.7200854105597942478311779268552
1.7078979674016658840685067843879
1.6957984715827547628208549213014
1.6837861725477478724855018299422
1.6718603265939939728212948466535
1.6600201968042478384290916437749
1.6482650529801414762687272741459
1.6365941715763434594066438876325
1.6250068356354374632388726240606
1.613502334723475595268382676295
1.6020799648662196190684881003108
1.5907390284860605245143005959108
1.5794788343395973484462047053967
1.568298697455876578032984980382
1.5571979390752914707007903416525
1.5461758865891077618925919523463
1.5352318734796530641517620097147
1.5243652392611017898360614708508
1.5135753294209171038176009460585
1.5028614953618770755383593495935
1.4922230943447336581897388896323
1.4816594894314549790692581154872
1.4711700494290778085115789508563
1.4607541488341284630081418072223
1.4504111677776458932953573821578
1.4401404919707623264457652112469
1.4299415126508616680212071514688
1.4198136265282952361843626931659
1.4097562357336514970995722251246
1.399768747765582244113602428115
1.3898505754391585753637627931312
1.3800011368347793183630756175262
1.3702198552475921555782178984373
1.3605061591374572049772950776969
1.3508596553955138919178580181324
1.3412825379319637253416885869228
1.3317751741657881670022334219539
1.322336972532099919064307869121
1.3129673467513138795936811220599
1.3036657157787603367182782676537
1.2944315037548073110684754283284
1.2852641399555024825929194776108
1.2761630587437209349843669770053
1.2671276995208100579759502579691
1.2581575066787353822661543745198
1.2492519295527149125746291247196
1.2404104223743332990892440648167
1.2316324442251465054454229175462
1.2229174589907445547254383200197
1.2142649353153034397223564155865
1.2056743465565791240123871830292
1.1971451707413758303033546326333
1.1886768905214621927513007904054
1.1802689931299366055128530206275
1.1719209703380308873477133602137
1.1636323184123662510813801418408
1.1554025380726240523898695755634
1.1472311344496644025525711185765
1.1391176170440555637242141528986
1.1310614996850298918928956481977
1.1230623004898550032493176331627
1.1151195418236086176477783737937
1.1072327502593701797906078354572
1.0994014565388050552741106002941
1.0916251955331530698600772666396
1.0839035062046002977353964524809
1.076235931568054304818815580802
1.068622018653287764067272291868
1.0610613184674739795099185357685
1.0535533859580956672630236425903
1.0460977799762201101430036942475
1.0386940632401497897063791242545
1.0313418022994351730403650435619
1.0240405674992461015904154919554
1.0167899329450977852218329644529
1.0095894764679340660507023130776
1.00243877958955529550166829722
0.99533742748839193481558140774723
0.9882850089656218806055676395772
0.98128111641162119038739319876186
0.97432534577274865217333399414201
0.96741729651846641857559916388709
0.96055657160878116229696388472803
0.95374277746200752936545086413389
0.94697552392286288291955997920013
0.94025442423085814347416544478619
0.93357909498902147404919560358394
0.92694915613292150347035658342065
0.92036423520604992987159675976727
0.91382550302822307397576651055715
0.90733381629451559380328262705007
0.90088877903256270318621545811766
0.89448999870883316720693301249412
0.88813708619712850023120154219214
0.88182965574739236025436639465624
0.8755673249548195924418791946664
0.86934971472927491387139298240072
0.86317644926500913804545689345105
0.85704715601067082975106359299389
0.85096146563961128084230267631938
0.84491901202048314001302742326516
0.83891943218812126126238126744283
0.83296236631471221034672680616495
0.82704745768124354743378034982015
0.82117435264922944426757567271125
0.81534270063271485629030621566926
0.80955215407054992304836105176946
0.80380236839893637323939401539974
0.79809300202423494319248220563168
0.79242371629604679839076197822578
0.7867941754805455323307228354679
0.78120404673407461970668919093441
0.77565300007699866657873144504265
0.77014070836780901263551868396462
0.76466684727747336047798398794839
0.75923109526404386482312247608206
0.75383313354750458579189853480784
0.74847264608485830628126223018626
0.74314931954546048498144728000625
0.73786284328658902076369940914446
0.7326129093292452765240341250319
0.72739921233419224666505442655762
0.7222214495782234289222856205015
0.71707932093065396284004009430646
0.71197252883004547019396568430238
0.70690077826114883219332796215895
0.70186377673206845617670524006826
0.69686123425164869793491106975125
0.69189286330707089334168813365977
0.6869583788416718794778148549085
0.68205749823296935030469967387035
0.67718994127089560119969746665447
0.67235543013624832209274018168799
0.66755368937933567963227687869221
0.66278444589882878901221374690067
0.65804742892082190852676149006584
0.65334236997808303737400592581253
0.64866900288950524178233081329381
0.64402706373975426856759440852329
0.639416290859109781585800647008
0.63483699171533014560253604940954
0.63029028126841779577915758636664
0.62577595301976340902427864421043
0.62129374052483621326814500207547
0.61684337956715606932078799218289
0.61242460813877408476457731012488
0.60803716642093263988755325044622
0.60368079676490604690286545519484
0.59935524367302339676655265066074
0.59506025377986715430012054639519
0.59079557583364705752870804644772
0.5865609606777466566995826724451
0.58235616123244648978385384907597
0.57818093247681179303043563777464
0.57403503143075207404422144463751
0.56991821713724899467479190207087
0.56583025064474534726599586065277
0.56177089498970078640383007950732
0.55773991517930765482446986425202
0.55373707817437123335224669062882
0.54976215287234164730278962451848
0.54581491009051097407223096524831
0.54189512254935934265631658490747
0.53800256485605857381671057737549
0.53413701348812669955634646612452
0.53029824677723647052829392123385
0.52648604489316919163854890939547
0.52270018982791965900247532772482
0.51894046537994620305056514553144
0.51520665713856561573891212901799
0.51149855246849540435505332425237
0.50781594049452971617597540898714
0.50415861208636780776970454098773
0.50052635984357118914545026200358
0.49691897808066526343040436586307
0.49333626281237707988935881076031
0.48977801173900453735043925007631
0.48624402423192242261862361374369
0.48273410131922694921158267788996
0.47924804567149459355590579434647
0.47578566158769441951648104804917
0.47234675498120609615781972934201
0.46893113336598735152449535235064
0.46553860584284428858481419410964
0.46216898308585102617129791724437
0.45882207732887420048584203868813
0.45549770235223124847934172976238
0.45219567346946121233486337587237
0.44891580751422699435693175473716
0.4456586249458034387771476758644
0.44242477041148542404869203892304
0.43921404761551141593400870988262
0.43602626031908459092178986793442
0.43286121391749915465751996634935
0.42971871542613099270724319467263
0.42659857346656260279615935360198
0.42350059825283098424719696595275
0.42042460157780098262136903031205
0.41737039679965792782212474776316
0.41433779882853244425078287349606
0.41132662411323528406370542143122
0.40833669062811822625391755536839
0.40536781786005365857405990936968
0.40241982679552873447548222429759
0.39949253990786054435702112641593
0.39658578114451958906983009001124
0.39369937591457687675600141119503
0.39083315107625554718495664019429
0.3879869349246005127973546677822
0.38516055717925457013706136422115
0.38235384897234803158738714046194
0.37956664283649532709574714317569
0.37679877269289885344250023990753
0.3740500738395624025223185071809
0.37132038293960650809921730797214
0.36860953800969137317267154685396
0.36591737840854204888429990205623
0.36324374482557775234425889721024
0.36058847926964032737373599957209
0.35795142505782739927866487050778
0.35533242680442012062513867931557
0.3527313304099160551352554193727
0.3501479830501523782260164807667
0.34758223316553582549204293172807
0.34503393045035757324967562453821
0.34250292584221253555654129741015
0.33998907151150598027200544493098
0.33749222085106034274559760888224
0.33501222846580730463372788108245
0.33254895016257784989832657629449
0.33010224293997630917729679822514
0.32767196497835232582573894433153
0.32525797562985303557070437818766
0.32286013540857216863599887801684
0.32047830598077731156791969624464
0.31811241495362740927532740897732
0.3157631834118237446062948947656
0.31343073964655199237228089259588
0.31111494549184470770342159084976
0.30881566388771397591028744500363
0.30653275887106012920213515826617
0.30426609556665984435142036090838
0.30201554017823190045888281929365
0.2997809599795798196630869369983
0.29756222330581233448398847940553
0.29535919954464356917966938453901
0.29317175912775889079497915190586
0.29099977352226857885142408122192
0.28884311522222538837212368889595
0.28670165774021905136237364786211
0.2845752755990457738555221567367
0.28246384432344556758565090603952
0.28036724043191341149139361732523
0.27828534142858246669405275497411
0.27621802579517362730143759108614
0.27416517298301773530866398687067
0.27212666340514535257000261481153
0.27010237842844425637522931538115
0.26809220036588632396501452603843
0.26609601246881819935907742546988
0.2641136989193215711679840751458
0.26214514482263662209504673228366
0.26019023619965325755387652861828
0.25824885997946239735156837014074
0.25632090399197693386668106541038
0.25440625696061008875759057445975
0.25250480849502243696491632363177
0.25061644908392477493208616579068
0.24874107008794887896385716885561
0.24687856373257338615800904335629
0.24502882310111584462930522931856
0.24319174212777872057245076575782
0.24136721559076124155041043195524
0.23955513910542264310876703348185
0.23775540911751188999367911947047
0.23596792289644760720612737259216
0.234192578528660821923779167264
0.23242927491099052428324966967921
0.23067791174413826427169738053635
0.22893838952617640014608468845836
0.22721077866203673312206490209064
0.22549564589820017546095698435238
0.2237929530951041912079091389387
0.2221025940085215033548138308106
0.22042446324306591565189705761441
0.21875845624534145938966389621783
0.21710446929715662700566269904812
0.21546239950879092495128475093225
0.21383214481232012960099098108913
0.21221360395499869189173125505476
0.21060667649269723677996069000073
0.20901126278339457464916506523878
0.20742726398072758309254481901007
0.20585458202759232548828549624886
0.2042931196498011248152693042357
0.20274278034979203999554897563939
0.20120346840039241009812087668251
0.19967508883863382962431387568358
0.19815754745961963734224298150366
0.19665075081044458560342036435031
0.19515460618416433091759643048135
0.19366902161381627234248981039855
0.19219390586649159891052818238677
0.19072916843745491011219428401091
0.18927471954431501766080714332929
0.18783047012124406971445012004551
0.1863963318132441648877772877313
0.18497221697046370425532302306237
0.18355803864255990087706038593751
0.18215371057310938973650138450466
0.18075914719406446784510933412093
0.17937426362025710169234571367269
0.17799897564394723259439956564165
0.17663319972941807223243415592151
0.17527685300761516873357948043122
0.1739298532708318523187784876427
0.17259211896743659186981290076801
0.17126356919664639799627536831395
0.16994412370334269213323352687439
0.16863370287293083515933744820359
0.16733222772624153917853107031988
0.16603961991447627188911440043739
0.16475580171419137998078952023207
0.16348082473112215962096627208666
0.16221517720615397095684784289915
0.16095884455377959532107468021422
0.15971174565200157990929596962815
0.15847380001920333136844476484839
0.15724492780910534484029028590157
0.15602504980576312187956489196949
0.15481408741860464006734332542692
0.15361196267751084376662618069531
0.15241859822793554779529756615375
0.15123391732606461523857888096245
0.15005784383401657433587672585418
0.14889030221508070539471191295888
0.14773121752899598391195468138903
0.14658051542726796556692647754971
0.14543812214852319675273406573979
0.1443039645139033433363096037283
0.14317796992249523513329734214494
0.14206006634680046207819259507232
0.14095018232823938730824409049092
0.13984824697269410131994504808972
0.13875418994608651468425364328141
0.13766794146999258852126502006286
0.13658943231729389622408632476436
0.13551859380786263065132857263961
0.13445535780428224947868898198067
0.13339965670760414728768239456258
0.13235142345313744005608214138192
0.13131059150627402698496837274433
0.13027709485834704228324198993505
0.1292508680225227801763310253591
0.12823184602972720336211409630778
0.12721996442460384302286513502622
0.12621515926150594921750780486036
0.12521736710052006058546680833388
0.12422652500352286686347014210696
0.12324257053026856090216512029656
0.12226544173451044106304408387587
0.12129507716015024143541012335845
0.12033141583742211488949891418088
0.11937439727910555131717984522766
0.1184239626641267612017216492859
0.11748039373282830044598057384064
0.11654389750732216390893825064268
0.11561441168145868141348131530322
0.11469187443325214170730674823062
0.11377622442115832568365618726602
0.11286740078038626222678431076929
0.11196534311923538040911552116086
0.1110699915154658018456856893863
0.11018128651269409878921123890905
0.10929916911682070745914785447894
0.10842358079248387570103773214214
0.10755446345954325360061432093062
0.10669175948959019883943710738095
0.10583541170248729479386184948453
0.1049853633629340698973919643322
0.10414155817706140239042866824093
0.10330394028905168224419242051226
0.10247245427778721438283326961027
0.10164704515352364355695868880503
0.10082765835459177317101620019457
0.10001423974412337880579570992268
0.099206735606805443450362247403973
0.098405092645657665784142409393098
0.097609257978837390967719045420381
0.096819179136468855317865234155761
0.096034804057498104890022716517706
0.095256081086572616523078238515154
0.09448295897094524664616699283215
0.093715386857403076836803279547894
0.092953314289221100619187154734391
0.092196691203138489423274393175234
0.091445467926359727539598054590897
0.090699595173580185858419611122372
0.089959024044032900868650415304728
0.089223706018561499409003090477199
0.088493592956713329478191099042306
0.087768637093858126174694689325406
0.087048791038327286151421446902532
0.086334007768576900843093824278185
0.0856242406303725916982827470747
0.084919645299169344010437043834827
0.084220461765746157389855852670735
0.083526643372423312050578658727318
0.082838141660750472250462905776658
0.082154908544985999485632532923773
0.081476896309293223019665219908347
0.080804057604960607963384688900987
0.080136345447641643691127910642535
0.079473713214618310618497787345405
0.078816114642083850982956505504262
0.078163503822448313074211512230249
0.077515835201663885190015435000532
0.076873063576571712407492498186912
0.076235144092268752880059423659986
0.075602032239495672860662978109758
0.074973683852044822883975427885161
0.074350055104187934285064898176643
0.073731102508124313210657874151366
0.073116782911448491288908257956791
0.072507053494637332957672981592623
0.071901871768557501507501683590817
0.071301195571990494403991078797844
0.070704983069179092036726785863721
0.070113192747390487569170147708064
0.069525783414500191836893350227911
0.068942714196592938535879113715055
0.068363944535583753836505138679058
0.067789434186855831998563814977388
0.067219143216917784378061639927182
0.066653032001078402202232098261447
0.06609106122113929393524500710555
0.065533191863106021735063677624566
0.064979385214915530433188450842863
0.06442960286418258908369693926943
0.06388380669596230299056571766414
0.063341958890530680736929980412242
0.062804021921181910070863807504793
0.062269958552042370403256654753932
0.061739731835902145196115498038125
0.061213512793642073372968326339105
0.060691481321471840715275902766734
0.060173596852647552590820367868218
0.059659819095037244784940355657454
0.059150108068969094177180778615366
0.058644424104907083572513215585786
0.058142727841146671363681264210754
0.057644980221526469221782207341676
0.057151142493158557655874574265908
0.056661176204175170423305019085092
0.05617504320149356578095733993905
0.055692705628596746170178022339314
0.055214125923332732504000830431323
0.054739266815728514214978162044645
0.054268091325822859216643223589926
0.053800562761514077181335125033002
0.053336644716424463918968967846013
0.052876301067781815434809544740347
0.052419495974315929998077479012863
0.05196619387417186070043939594143
0.05151635948283883603693311670213
0.051069957791094557075783910704558
0.050626954062966043890181566666797
0.050187313833704547128000683642313
0.049751002907777328032601360519038
0.049317987356873420334846258583639
0.048888233517925636095746710907406
0.048461707991146275864569048508201
0.048038377638079131359827300684628
0.047618209579665046748964130074455
0.047201171194322717739044747986554
0.046787230116044027650179515376294
0.046376354232503705365964208340301
0.045968511683183041482969599655917
0.045563670857507967970612128283392
0.045161800393001473585830041201916
0.044762869173449529314190442619292
0.044366853390070272455947275602739
0.043973965166609105259531986575894
0.043584292310803754433301548942836
0.04319780291451358333887355911429
0.04281446531400680960421922804926
0.042434248088181053537581988166494
0.042057120056796550022770730947741
0.041683050278722807990838816749601
0.041312008050198745223724472452886
0.040943962903104799688769332988159
0.040578884603249251727952184864989
0.040216743148665898277549501926842
0.03985750876792577834795139324342
0.039501151918460181144965304156358
0.039147643284897268300959183306986
0.038796953777410138342052192683695
0.038449054530077991786995994516474
0.038103916899258787054360908541639
0.037761512461974323928703967112597
0.037421813014307352129872441537373
0.037084790569810545390883049776676
0.036750417357926945527424322790466
0.03641866582242300059979456250403
0.036089508619831935087862717637108
0.035762918617909880691918544926011
0.035438868894102755480179922642492
0.035117332734024675477968457926181
0.034798283629947517059388673033027
0.034481695279302136680765755727407
0.034167541583189797727015957207186
0.033855796644905560011107326090496
0.033546434768471897203134801657143
0.033239430457183527511944021171075
0.032934758412162763729913450561071
0.032632393530925687952226610377693
0.032332310905958852598196529015695
0.032034485823306452223491191944049
0.031738923307170888166162114885083
0.031445825783758631077891010363601
0.031155215087344121510648520256836
0.030867065465287162051577496413302
0.030581351361101544172882427119475
0.03029804741305123019778910986588
0.030017128452757019935193127935236
0.029738569503812411348731004068213
0.02946234578041081672572509830843
0.029188432685981709202582834450368
0.028916805811837493350724415108743
0.028647440935829826536007658432936
0.028380314021015883713117133879678
0.028115401214334246465798017311499
0.02785267884529064527643349435948
0.027592123424652933993961312353349
0.027333711643156066717352814521291
0.027077420370215706663108434781861
0.026823226652652295415313332682672
0.026571107713423268437136215425198
0.026321040950365269528443690205677
0.026073003934945090942498779895686
0.025826974411020057337262656460553
0.025582930293606837013342669706617
0.025340849667659905153360710983179
0.025100710786858153322764763970554
0.024862492072401033010864423999919
0.024626172111812609510916871613517
0.024391729657755063104263015816286
0.024159143626850263647520833387716
0.023928393098510067349415919579769
0.023699457313775054712046141958126
0.02347231567416186576169323529939
0.023246947740518317249147628444916
0.023023333231887613270494341577432
0.02280145202437995621824740055672
0.022581337223833652938509430896374
0.022363157152022125617740755387786
0.022146907292792290811167532638137
0.021932566558837483794430767147787
0.021720114022979235268717701501373
0.021509528917038625572821786136046
0.021300790630716187612492262815067
0.021093878710479390531373766748402
0.020888772858458630465872118975312
0.020685452931350305910696008027116
0.020483898939328760990807865027818
0.020284091044965160688384742115886
0.020086009562154286817170500967222
0.019889634955049514952740707940393
0.019694947837004671276073253238792
0.019501928969523896900684079014354
0.019310559261218922938452280391175
0.019120819766773714670771155965667
0.018932691685916363394381889406759
0.018746156362398878197916829435599
0.018561195282983385806963028130667
0.018377790076436441996099446782864
0.018195922512529758008348323983228
0.018015574501048497307875706496816
0.017836728090806511226595887364965
0.017659365468668551668596222725682
0.017483468958579453933488423444942
0.017309021020600206391959474672149
0.017136004249950903544075231366151
0.016964401376060457560246419461691
0.016794195261623078713197898537146
0.016625368901661649601031456313649
0.016457905422597122330197194628454
0.016291788081325475623373222333612
0.016127000264300344473111792353848
0.015963582594871256886692734155986
0.015801670159733091636233837107284
0.015641254106616906544013900770551
0.015482317502900844879976105517017
0.015324843543381969079852922277496
0.015168815549394113958991958668321
0.015014216967932028298782221042984
0.014861031370781431840133457455977
0.014709242453655596571948649398109
0.014558834035337449644420537708811
0.014409790056828112106424022442752
0.014262094580501332233279931926972
0.014115731789263511603005341044081
0.013970685985719948421501790392085
0.013826941591346989315902682449178
0.013684483145669595199889201353471
0.013543295305444900608615732551243
0.013403362843851532315575525444729
0.01326467064968437324645744723739
0.013127203726555274759801861250708
0.012990947192098919321656680381238
0.012855886277184643690096876866846
0.012722006325133488821577110172711
0.012589292790940915384156895129308
0.012457731240504638439703377628121
0.012327307349858210999693497456065
0.012198006904409726749993758687651
0.012069815798185884805904244387875
0.011942720033081197922308902548139
0.011816705718112734471714198036807
0.01169175906867963958546408065331
0.011567866405828240369824122524278
0.011445014155521852222685552646908
0.011323188847915943711086583789438
0.011202415282235761093132531129868
0.011082819516429077283392601316336
0.010964399534731460172931605256963
0.010847140417310533258565818925945
0.010731027357776560735014292902179
0.010616045662403959110031692603116
0.010502180749358077174737680081762
0.010389418147927322391699256343145
0.010277743497760583393785260852837
0.010167142548110012778561639379404
0.010057601157078915193876511580129
0.0099491052908749315342173957787963
0.0098416410230681879156566793653838
0.0097351945338549749492385032567654
0.0096297521093258158647598676793677
0.009525300140739392795730111629382
0.0094218251238007734438273388377638
0.0093193136579450847750694109095093
0.0092177524456258149582188465842592
0.0091171282916082049818662369489175
0.0090174281022674246388604046842374
0.0089186388848915363475322592989869
0.0088207477469894046695486622411408
0.0087237418956031091699099278002905
0.0086276086366253602194520411217127
0.008532335374121477120090695223098
0.0084379096096559129402958632226728
0.0083443189416236088207234899982723
0.0082515510645858151927978241246819
0.0081595937686104996061642324889362
0.0080684349386173047358195020706262
0.0079780625537269039132537429281911
0.0078884646866149866345496732833453
0.0077996372428096039097766833947389
0.0077116871907274425756995128722338
0.0076246430128420489974461204951695
0.0075384929129676545370153384340028
0.0074532251835243345725046104632838
0.0073688282049407900428650286528409
0.0072852904450610884989902871211598
0.0072026004585554730813568014013981
0.007120746886335019114333544365536
0.0070397184549705910799888286533132
0.0069595039761152568957847108777059
0.0068800923459310251231735300336823
0.0068014725445192381059200670279097
0.0067236336353548890529263637461099
0.0066465647647247208182341715598795
0.0065702551611691488789301907047502
0.0064946941349279902963576027730142
0.006419871077389875495267101968011
0.006345775460545374085929992702404
0.0062723968364439041181523926127284
0.0061997248366541342010083148750255
0.0061277491717282384434128950090326
0.0060564596306695904839867417024379
0.0059858460804041542166475942110537
0.0059158984652553066665991998718255
0.0058466068064224243489013232988327
0.0057779612014627022842372383593101
0.0057099518237767018027928322965181
0.0056425689220972368234652272178664
0.0055758028199816784056808138814176
0.0055096439153077764530608284587743
0.0054440826797728511174390142457469
0.0053791096583961752267133427096724
0.0053147485090938575633123797103963
0.0052510872304263774001942266522747
0.0051881224075861695488320890490286
0.0051258442934884055133815117244467
0.0050642432140565905515638966960523
0.0050033095677371351370221752574707
0.0049430338250172805095172812173132
0.0048834065279460530523136796432482
0.0048244182896585415323831291800616
0.0047660597939033124553764864117511
0.0047083217945728750644662774504923
0.0046511951152374709367309790764011
0.0045946706486817198017424956901777
0.004538739356444557865311040245615
0.0044833922683620375596036389254095
0.0044286204821134154616113498548202
0.0043744151627699333698129358083406
0.004320767542346895355442892849851
0.004267668919358509095618448014875
0.004215110658375841035105935361571
0.0041630841895875358299461410638287
0.0041115810083635741592478218819906
0.0040605926748219023716957032377195
0.0040101108133979044764738652872893
0.0039601271124166939271993292948082
0.0039106333236683743850847783107838
0.0038616212619859008325917670845229
0.0038130828048260068108277209830703
0.0037650098918526049389388088428632
0.0037173945245231789641371378252188
0.0036702287656778095556453500591942
0.0036235047391309270839454548251979
0.0035772478251941425969606669355016
0.0035315293618502965194982934349355
0.0034863447419423952700068269905387
0.0034416859903732026013112310636188
0.003397545191483364833417990524822
0.0033539144886618257879185023284663
0.0033107860839588017405621389599446
0.0032681522377012552429964564737475
0.0032260052681108296497580756323487
0.0031843375509244924159713008293693
0.0031431415190173428962638890737935
0.0031024096620281978696487268365445
0.0030621345259873957757312812333339
0.0030223087129471830868110426848716
0.0029829248806144078622060167305108
0.0029439757419856766099131029079672
0.0029054540649848660353871121486691
0.0028673526721030634031861517030393
0.0028296644400406865786645749238915
0.0027923822993521896750068744808004
0.0027554992340928455979431888067666
0.0027190082814680105460780623616301
0.002682902531484551277712879979731
0.0026471751266046211932547738143739
0.0026118192614016520931852216591551
0.0025768281822186145206543539387667
0.0025421951868284838049749652100218
0.0025079136240969105049736231904944
0.0024739768936471134667953730712497
0.0024403784455269100610308452559138
0.0024071117798779798763186832388783
0.0023741802863405624124393256124677
0.0023416495332793962370898643854389
0.0023095274682009684676098348887763
0.0022778076111426600984521950721273
0.002246483530124825187673787141307
0.0022155488408407272502009810466461
0.0021849972063484705830926912994983
0.0021548223367649772634624394385128
0.0021250179889618012185614759346208
0.0020955779662630413112678340326056
0.0020664961181450841251616701299554
0.0020377663399383811465570559562366
0.0020093825725310296252679176376432
0.0019813388020743804597556536606362
0.001953629059690418969669201132433
0.0019262474211811089416790387929268
0.0018991880067395861073770158000684
0.0018724449806631765502729081163125
0.0018460125510682756037189600206716
0.0018198849696070800840280723420506
0.0017940565311860810510796726546801
0.0017685215736864372260139788295419
0.0017432744776860551599861892668741
0.0017183096661835461568812455368516
0.001693621604323849831608139737682
0.0016692047991257188098435104706141
0.0016450537992108509813965477874831
0.00162116319453484429742584627121
0.0015975276161198090959375539554799
0.0015741417357887305464303473456766
0.0015510002659015150773547109253059
0.0015281208816948451713335632717872
0.001505555410054377173112438725866
0.0014833009235148246224983425989308
0.0014613518026619289492257225404614
0.0014397024698301996541160985287888
0.0014183473888359045874535402376182
0.001397281064711742258610538414132
0.0013764980434431942253603597947631
0.0013559929117065543102693681021265
0.0013357602966086120927641234246153
0.0013157948654279993504906398626986
0.0012960913253581742964753997782168
0.0012766444232520182417572884858714
0.0012574489453680817632047483911606
0.0012384997171183940740252227286078
0.001219791602817929922555895139169
0.0012013195054355937235746054625452
0.0011830783663468351970399217165664
0.0011650631650878034897139690073686
0.0011472689191110707878501484557887
0.0011296906835428820528588467198006
0.0011123235509419631891758761810252
0.0010951626510598290974163315780743
0.0010782031506026388840285834547217
0.001061440252994520815413292957885
0.0010448691981424210097756377635392
0.0010284852622024149345486554452123
0.0010122837573475224753893897400303
0.00099626003153695610360662815452315
0.00098040946828685179847973074629408
0.0009647400761498745556943301693309
0.00094929936573443440221004019363704
0.00093408857487336485921070039495362
0.00091910331593106819794009032520421
0.00090433923358671820802445751041887
0.00088979200463055487229507845015064
0.00087545733776143053617851963466023
0.00086133097338566698593365078551187
0.00084740868341709907774622623222172
0.00083368627107843209459586697462896
0.00082015957070380148333232916968427
0.0008068244475425769305851342316771
0.00079367679756437976932442746047514
0.00078071254726533474959521141656182
0.00076792765347550510750262997561322
0.00075531810316755386685433348858965
0.00074287991326657033287761411344263
0.00073060913046111772284341157046583
0.00071850183101540446382188287444137
0.00070655412058268118099396692954883
0.00069476213401976449728081330903251
0.00068312203520271941141472904490684
0.00067163001684370610914337484942394
0.00066028230030894252688966616915422
0.00064907513543781616971450887376704
0.00063800480036310875438937406656237
0.00062706760133235503636150998119092
0.00061625987253029169358337080453225
0.00060557797590242315542014006624072
0.00059501830097967510317669148633968
0.00058460439854880557296323839722163
0.00057436126621057302047562709290673
0.00056428542431462172350442596524545
0.00055437341427021637023375699726557
0.00054462180280524840128575370101771
0.00053502718180872409388382227035663
0.00052558616817424913623263416084797
0.00051629540364445081993688413390942
0.00050715155465637460491246102378682
0.00049815131218781537499051825790275
0.00048929139160461721132222567831604
0.00048056853250887234885527221628365
0.0004719794985881004142046213356565
0.00046352107746530771042667296022444
0.00045519008055000184653771100329323
0.00044698334289009904489106683733723
0.00043889772302475762826012850581492
0.00043093010283809095751356155190592
0.00042307738741380795845919982056671
0.00041533650489071564362517086088644
0.00040770440631912905704928307137891
0.00040017806551814717134357701766589
0.00039275447893381311426086455185214
0.00038543066549813888386349924886076
0.00037820366648899314283155392857338
0.00037107054539084813457247569168374
0.00036402838775638149274374577579749
0.00035707430106892080112421239412868
0.00035020541460573209645648629084747
0.00034343622469007901174334329574833
0.00033679082601554221308715053595506
0.00033026676850197040627085676156582
0.00032386131459415692631156891145849
0.00031757174666417265548185033807727
0.00031139536688896816323326999231824
0.00030532949712870356261812387899113
0.0002993714788058344893062479030732
0.00029351867278492140608120442024642
0.00028776845925315963073062852650708
0.00028211823760164976560016469875336
0.00027656542630736738333854796145772
0.00027110746281587116274236493040917
0.00026574180342469087357307189201094
0.00026046592316745223938054265566677
0.00025527731569867270463095043631085
0.00025017349317928453886206163758743
0.00024515198616282201466917700649617
0.00024021034348231212448079863186479
0.00023534613213785121783871989720183
0.00023055693718484939879614925573037
0.00022584036162295577517510059006867
0.00022119402628566152391696719714531
0.00021661556973055448062359662486642
0.00021210264813025403885654585067755
0.00020765293516398640634446071118191
0.00020326412190983071128468073762718
0.00019893391673760001743705150278885
0.00019466127651740833454964418880451
0.00019046937517791553127512182985726
0.00018636601309644914778451685322125
0.00018234889277531039493245035298941
0.00017841573342093256611048945892151
0.00017456427084234366065018662084185
0.00017079225735025014665073583852717
0.00016709746165670581350901069406234
0.00016347766877539859258286480958589
0.00015993067992251669418024562219216
0.00015645431241822021725153268878472
0.00015304639958869671037197668361785
0.00014970479066880095506478220990232
0.00014642735070527645069478339667768
0.00014321196046055805883162603819869
0.00014005651631714501927084004506696
0.00013695893018254609954133249605235
0.00013391712939479468238990200745775
0.00013092905662852343711202718345987
0.00012799266980160234233147853455392
0.00012510594198233236239332921702072
0.00012226686129719372027324642004942
0.00011947343083914016114831929682438
0.00011672366857644918128941030621704
0.00011401560726210205234509159621936
0.00011134729434371693781134771139563
0.00010871679187400879623183469480097
0.00010612217642179062654286120226388
0.00010356166246864677283039818389554
0.00010105008455437324477090704766269
9.8597540781672214269502896311081e-05
9.6202445750466565230728244184633e-05
9.3863225454084213373803780022797e-05
9.1578317210991384204714360617317e-05
8.9346169596917721653431265771417e-05
8.7165242377391198027279661797451e-05
8.5034006440659447171107054863626e-05
8.2950943731020126449549056957267e-05
8.0914547182526859914371286652823e-05
7.8923320653102678858339946721401e-05
7.6975778859027701853980085733298e-05
7.5070447309821342410374178655275e-05
7.3205862243500775441394645692839e-05
7.1380570562227805609702147027207e-05
6.9593129768325380848925654220238e-05
6.784210790067935002278093348238e-05
6.612608347150513593039333759549e-05
6.444364540349550537524925264421e-05
6.2793392967328971981770535659706e-05
6.1173935719551286531968370407952e-05
5.9583893440818623923101865491603e-05
5.8021896074505495736160776143464e-05
5.6486583665671655696185332606873e-05
5.4976606300388702755835290680864e-05
5.3490624045420974343872932976751e-05
5.2027306888262328976764437005187e-05
5.0586737364238074815027401687217e-05
4.9183091235809299078454021048046e-05
4.7819366319337098191442902983539e-05
4.6494293090443983154994023188067e-05
4.5206611134875209585468058826052e-05
4.3955069094472454911074615901967e-05
4.2738424613459908424362154732989e-05
4.1555444285045010357690364877215e-05
4.0404903598327612595456775901326e-05
3.9285586885519593902151014308544e-05
3.8196287269470213386786394682559e-05
3.7135806611496558458668931779201e-05
3.6102955459519161813403131944256e-05
3.5096552996494947312174778053517e-05
3.4115426989153603391530938937493e-05
3.315841373703001142888430186062e-05
3.2224358021792383474299348300462e-05
3.1312113056865302973194586932948e-05
3.0420540437345018960901832372201e-05
2.9548510090204405196395720523128e-05
2.8694900224789552739762879540741e-05
2.785859728359946126943422206601e-05
2.7038495893355446160564309332486e-05
2.6233498816351269222789735491297e-05
2.5442516902086385118409578298682e-05
2.4664469039180304463232396017247e-05
2.3898282107564400875230475884692e-05
2.3142910298117490075020877271506e-05
2.2405168072215260319972676694711e-05
2.1690709461922451942129594359976e-05
2.0998875961772424766004982443768e-05
2.0329013686061793149233156707822e-05
1.9680473341933494299885176737064e-05
1.9052610202612044697483700828045e-05
1.844478408079393906863693852749e-05
1.7856359302189180369253504454541e-05
1.7286704679214377842338956625667e-05
1.6735193484836227305247863261783e-05
1.6201203426564960314313137978992e-05
1.5684116620596013930849510487064e-05
1.5183319566099963440178495510668e-05
1.4698203119659017181516773298267e-05
1.4228162469850098899716399347692e-05
1.3772597111972257734953568875103e-05
1.3330910822919423983968535696309e-05
1.2902511636196015273794074351699e-05
1.2486811817075760760271593841075e-05
1.2083227837901220887237979662032e-05
1.1691180353526123676883088919887e-05
1.1310094176895814824354742633705e-05
1.0939398254768709978961352402571e-05
1.0578525643574927399314170028966e-05
1.0226913485413871281268921586971e-05
9.884002984187391179404964802746e-06
9.5493433933985276884301440780689e-06
9.2289933416631890521686018558079e-06
8.9261841787017314029002712505445e-06
8.6401423339009252212608927501414e-06
8.37009973963643231348579626383e-06
8.1152937993441292576207030107227e-06
7.8749673557722215619944852726952e-06
7.6483686594139215311240198591491e-06
7.4347513371185426105298456322945e-06
7.2333743608811465827671330353077e-06
7.0435020168084388380224866721413e-06
6.864403874261087902129609833457e-06
6.6953547551706218431458693396419e-06
6.5356347035302273182637462778377e-06
6.3845289550582527094368077980047e-06
6.2413279070336894404844030326274e-06
6.1053270883023117983432609401362e-06
5.9758271294525325107956960357658e-06
5.8521337331602795136576734835732e-06
5.7335576447015649127324915523829e-06
5.6194146226318880961545128294166e-06
5.5090254096314853567064456774105e-06
5.401715703515503605230616002153e-06
5.2968161284082486010881332672007e-06
5.1936622060800516500296206134912e-06
5.0915943274466251734365791759007e-06
4.9899577242291224505135217859308e-06
4.8900903382881685341350939955074e-06
4.799301953415532061861335094699e-06
4.7178010502097636431418151148343e-06
4.6449736582552240998127482396463e-06
4.5802101846746612020307848345269e-06
4.5229053889437073504337268048392e-06
4.4724583578468673358764957914691e-06
4.428272480573832353472826794949e-06
4.3897554239554485738155145679862e-06
4.3563191078385423663388992254752e-06
4.3273796805987229546243411082429e-06
4.3023574947904543841047803054423e-06
4.2806770829335285933974451777484e-06
4.2617671334351704833486029766476e-06
4.2450604666470600879828699303342e-06
4.2299940110563621339717296776506e-06
4.2160087796101217846801885447139e-06
4.2025498461721676773830518036856e-06
4.1890663221118022756456547583959e-06
4.1750113330235011135905219548103e-06
4.1598419955768679197598454433393e-06
4.143019394496113784107354377495e-06
4.1240085596682751685774712124832e-06
4.1022784433794745001891114688508e-06
4.0773018976784559347739146650813e-06
4.0485556518666703841331094837486e-06
4.0160084781417422928467830800514e-06
3.9830369541093577025105826328044e-06
3.9503658787052654718626246155289e-06
3.9179710585188028660838001349109e-06
3.8858284716148143854322176415916e-06
3.8539142665575987594631275634516e-06
3.8222047614401041573900345837966e-06
3.7906764429186481708442760935052e-06
3.7593059652528864362922619152263e-06
3.728070149351139164360571104373e-06
3.6969459818210040017848628385311e-06
3.6659106140252387088401299364282e-06
3.6349413611428115847821508632709e-06
3.6040157012352505078904910118531e-06
3.5731112743180462211077703937878e-06
3.5422058814372911283259101611343e-06
3.5112774837513549720932268249918e-06
3.480304201617703271860780958602e-06
3.4492643136846933513432657963937e-06
3.4181362559884750099365238740212e-06
3.3868986210548061028115067461197e-06
3.3555301570059177079232912155327e-06
3.3240097666722094984018132102221e-06
3.2923165067089633616386097625384e-06
3.2604295867178592716680192442613e-06
3.2283283683733954823129840006057e-06
3.1965292138409705214284473040465e-06
3.1668739459656615508123533864193e-06
3.1392405997854158998235183514192e-06
3.1133150409948345207382987970268e-06
3.088785356465963201924801798115e-06
3.0653418417280249828351084556699e-06
3.0426769885157452970661506874706e-06
3.0204854723858806318499779092202e-06
2.9984641404015530220046777121201e-06
2.9763119988840100605526333560347e-06
2.9537302012314589073330075436052e-06
2.9304220358045541672666143423465e-06
2.9060929138781970134460148902367e-06
2.8804503576592398262691020749404e-06
2.8532039883697770171950593154353e-06
2.8240655143955811564736475827164e-06
2.79274871949938794331628165446e-06
2.7589694510986039609364266905756e-06
2.7224456086071432960266178874287e-06
2.6828971318409419776276902958045e-06
2.6400459894869067134178831912639e-06
2.5936161676347867390381510266373e-06
2.5433336583718349492480147872042e-06
2.4889264484396260008168284133534e-06
2.4301245079529822592395195413051e-06
2.366688367523457445392148085217e-06
2.2999699801668972025164763145488e-06
2.2308377292827805239781423923828e-06
2.1593029174712053940292551257318e-06
2.085376801849776055885251485611e-06
2.0090705942422537662209007514047e-06
1.930395461366120806394981387899e-06
1.8493625250195831225891651347637e-06
1.7659828622674432357535006729576e-06
1.6802675056264198272791034194373e-06
1.5922274432494729079907687732676e-06
1.5018736191093564930916894398227e-06
1.4092169331814110650380120204339e-06
1.314268241625399524457706683378e-06
1.217038356966698972513049939459e-06
1.1175380482765959088884387406804e-06
1.0157780413518144414444658099606e-06
9.1176901889320201572683216237336e-07
8.0552162068367864932762201224392e-07
6.9704644376542298956110155563892e-07
5.8635404261609540055760802015894e-07
4.7345492932459110589039018822388e-07
3.5835957376566587741009424321337e-07
2.4107840377405350431089703540366e-07
1.2162180531769591577505166320877e-07
1.2267022491386007468181196351632e-13

