1627821118.5115509033203125
951580103.57821738719940185546875
471079286.5303423404693603515625
242884252.78482443094253540039062
136914052.11333566904067993164062
83218951.317841082811355590820312
53784723.8170101642608642578125
36552637.648140490055084228515625
25860859.829774059355258941650391
18897167.289908476173877716064453
14190727.886888306587934494018555
10903338.63977132365107536315918
8540409.5915959589183330535888672
6801392.5764277745038270950317383
5495986.5119416126981377601623535
4497544.1620424548164010047912598
3721595.6514069093391299247741699
3110220.5625203512609004974365234
2622386.5612070979550480842590332
2228734.0542227891273796558380127
1907967.1541493218392133712768555
1644078.2004432869143784046173096
1425162.2873248723335564136505127
1242175.109162164386361837387085
1088155.1101667960174381732940674
957687.65337491966784000396728516
846521.00059614074416458606719971
751287.94029778998810797929763794
669320.41943714232183992862701416
598368.57235198642592877149581909
536654.91252124251332134008407593
482754.32090150658041238784790039
435495.16649848804809153079986572
393908.54287790611851960420608521
357188.77776365913450717926025391
324662.49255416513187810778617859
295764.21018299320712685585021973
270017.03930552722886204719543457
247017.19159505446441471576690674
226423.52600199685548432171344757
207945.44248064974090084433555603
191298.96801407329621724784374237
176266.48579400390735827386379242
162663.7530891331552993506193161
150331.03794314601691439747810364
139129.48002594808349385857582092
128938.09366310216137208044528961
119651.25225651603250298649072647
111177.42919341033848468214273453
103436.6020493523392360657453537
96342.730703308945521712303161621
89831.080211057880660519003868103
83845.979456748536904342472553253
78338.049141934519866481423377991
73263.452994053164729848504066467
68583.182061070969211868941783905
64264.02899664366850629448890686
60271.153230290219653397798538208
56571.516759322395955678075551987
53140.575923206895822659134864807
49956.314560580081888474524021149
46999.008989226931589655578136444
44251.063185221435560379177331924
41698.203754009009571745991706848
39319.775326697767013683915138245
37099.941278085992962587624788284
35026.325484119690372608602046967
33087.671446235850453376770019531
31273.727362024703325005248188972
29575.144426752747676800936460495
27983.386677506277919746935367584
26490.650938410770322661846876144
25089.795639960742846596986055374
23774.277410590268118539825081825
22538.094539709090895485132932663
21375.73648631848845980130136013
20282.13875007798196747899055481
19252.642494288185844197869300842
18282.958414942280796822160482407
17369.134399925424077082425355911
16507.526626985767506994307041168
15694.773799483304173918440937996
14927.774323810932401102036237717
14203.666343876160681247711181641
13519.810753005454898811876773834
12873.777669954186421819031238556
12263.337692051325575448572635651
11686.460537347327772295102477074
11141.291966043489082949236035347
10626.66432929667644202709197998
10139.408538223782670684158802032
9676.7201119513701996766030788422
9237.1733277991334034595638513565
8819.4381533062260132282972335815
8422.2729624130333831999450922012
8044.5178708490830103983171284199
7685.0886356564678862923756241798
7342.9710670865815700381062924862
7017.2159052947336022043600678444
6706.9341167518723523244261741638
6411.2925765854388373554684221745
6129.5100975370969536015763878822
5860.8537813819011716987006366253
5604.6356545084072422469034790993
5360.2095781932875979691743850708
5126.9683911698939482448622584343
4904.3412854518091990030370652676
4691.7913766423280321760103106499
4488.8134703793230073642916977406
4294.9319955184000718872994184494
4109.699103584685872192494571209
3932.692910979582848085556179285
3763.5158841133734313189052045345
3601.7933558636023008148185908794
3447.172163181083305971696972847
3299.3194090870738364174030721188
3157.9213432708947948412969708443
3022.6823661513662955258041620255
2893.3241670168408745666965842247
2769.5850179331637264112941920757
2651.2192633009726705495268106461
2537.9970857845646605710498988628
2429.704708809582371031865477562
2326.1453781225272905430756509304
2227.1418137893497259938158094883
2132.532983039291138993576169014
2042.2921557196405046852305531502
1955.9193648440759716322645545006
1872.912909048503024678211659193
1793.1308945447281075757928192616
1716.4384542750499349494930356741
1642.7073606961903351475484669209
1571.8156664401458328939042985439
1503.6473651804149085364770144224
1438.0920752818028631736524403095
1375.0447460368527572427410632372
1314.4053816626974366954527795315
1256.0787833111394320440012961626
1199.9743114490456719067879021168
1146.005661913760832248954102397
1094.0906620256246242206543684006
1044.1510800909923091239761561155
996.11245472210521256783977150917
949.90393844660320610273629426956
905.45816261993422813247889280319
862.71112283296770328888669610023
821.60208927281655633123591542244
782.07354984443873036070726811886
744.07119862827994438703171908855
707.5439895883259850961621850729
672.44429812810994917526841163635
638.72827160673705293447710573673
606.35654816692203894490376114845
575.29465928954459741362370550632
545.5254760401589919638354331255
517.01789625589026400120928883553
489.55130108579305669991299510002
463.07145156592014245688915252686
437.54281786110823304625228047371
412.93138691001513507217168807983
389.20459531552796761388890445232
366.33126673653168836608529090881
344.28155332328651638817973434925
323.02688093296546867350116372108
302.53989864959612532402388751507
282.79443268366912889177910983562
263.76544409408734281896613538265
245.42899308235064381733536720276
227.76220667519237395026721060276
210.74325434081629282445646822453
194.35133217904240154894068837166
178.56665739702793871401809155941
163.37048059938388178125023841858
148.74512141212244387133978307247
134.67404542904205300146713852882
121.14201868265945449820719659328
108.13540326990232642856426537037
95.642280404333632759517058730125
83.658145032617312608635984361172
72.168085767979619049583561718464
61.084269309286810312187299132347
50.388726624396667830296792089939
40.069661594468925613909959793091
30.115749428304752655094489455223
20.516119409677912699407897889614
11.260344212985501144430600106716
2.3384274755892420216696336865425
-6.2592045149874593334970995783806
-14.541710142357260338030755519867
-22.517836132382853975286707282066
-30.195917561916076010675169527531
-37.583873899942773277871310710907
-44.689196159316452394705265760422
-51.51892748919590303557924926281
-58.079623591808740457054227590561
-64.377291498917429635184817016125
-70.417277817156218588934279978275
-76.204069716100775622180663049221
-81.741121032811406621476635336876
-87.028433334487090178299695253372
-92.066079746487275770050473511219
-96.908555629365082495496608316898
-101.56825974231105647049844264984
-106.05085091520095375017262995243
-110.36178787229982845019549131393
-114.50633462956670882704202085733
-118.48956857346615834103431552649
-122.31638706364924473746214061975
-125.99151381679621408693492412567
-129.51950379033178251120261847973
-132.9047513869575141143286600709
-136.15149333307226697797887027264
-139.26381502815547719364985823631
-142.24565573693757869477849453688
-145.10081222138251177966594696045
-147.8329433845794937951723113656
-150.44557395743322558701038360596
-152.94209884926249287673272192478
-155.32578485581552740768529474735
-157.59977530382775512407533824444
-159.7670910557346815039636567235
-161.83063312789772680844180285931
-163.79318369639031516271643340588
-165.65740743057938288984587416053
-167.42585063336593975691357627511
-169.10094076948541896854294463992
-170.68498335337540083855856209993
-172.18015808132508936978410929441
-173.58851180254850987694226205349
-174.9119476792436671530595049262
-176.15220890709758805314777418971
-177.31085311081847066816408187151
-178.38920956746790125180268660188
-179.38830880014290869439719244838
-180.30874958044296363368630409241
-181.1507458634085878657060675323
-181.91024425322643764957319945097
-182.59826991151987840567016974092
-183.23718108325408593373140320182
-183.82854376332227275270270183682
-184.37376974757091829815180972219
-184.87422524551504920964362099767
-185.33123092384698793466668576002
-185.74606453574688202934339642525
-186.1199611843595675964024849236
-186.45411563988443504058523103595
-186.74968296990391536382958292961
-187.00778016567073791520670056343
-187.22948662087128468556329607964
-187.41584638007554985961178317666
-187.56786781816560960578499361873
-187.68652566499247313913656398654
-187.77276186349956788035342469811
-187.8274853474707697387202642858
-187.85157478377630013710586354136
-187.84587741028303753410000354052
-187.81121134526108562567969784141
-187.74836482169189366686623543501
-187.65809848016408523108111694455
-187.5411439517198459725477732718
-187.39820637497996358433738350868
-187.22996289094737676350632682443
-187.03706456312647787854075431824
-186.82013570100616561830975115299
-186.57977424808905198005959391594
-186.31655178830578734050504863262
-186.0310131621374694077530875802
-185.72367736248929759312886744738
-185.39503518079175137245329096913
-185.04554972773178178613306954503
-184.67565545569857476948527619243
-184.2857557405973238928709179163
-183.87622182727761810383526608348
-183.44738943585099377742153592408
-182.99955491412765695713460445404
-182.53297013214387334301136434078
-182.04783425048674416757421568036
-181.54428209134874805386061780155
-181.02236589131126720531028695405
-180.48202490680347409579553641379
-179.92303115489380616054404526949
-179.34497206538173941225977614522
-178.74620334452271208647289313376
-178.12800183929988406816846691072
-177.50209942821214781361049972475
-176.86939834791843395578325726092
-176.23020573992425852338783442974
-175.5848192295006811036728322506
-174.93352636711449576978338882327
-174.27660477253323279001051560044
-173.61432302095266777541837655008
-172.94694074795359028939856216311
-172.27470850700643723030225373805
-171.59786842354077407435397617519
-170.916654590767677746043773368
-170.23129273653268000998650677502
-169.54200130576333549470291472971
-168.84899059511121777177322655916
-168.15246402291415961371967568994
-167.4526178224781460812664590776
-166.74964103977356444374890998006
-166.04371647082945173679036088288
-165.33501980998948965861927717924
-164.62372098153957722388440743089
-163.90998337394285044865682721138
-163.19396431753682463750010356307
-162.47581561059695332005503587425
-161.75568298725016802563914097846
-161.03370692825717469531809911132
-160.31002240010508330669836141169
-159.58475873007745349241304211318
-158.85804065481050884045544080436
-158.12998751750433257257100194693
-157.40071359476826273748883977532
-156.67032883933939046983141452074
-155.93893764267448887039790861309
-155.20664057157119941621203906834
-154.47353287871612792514497414231
-153.73970582550879271366284228861
-153.00524581988253203235217370093
-152.27023508525644501787610352039
-151.53475126002581419015768915415
-150.7988677839542788206017576158
-150.06265353938971429670345969498
-149.32617305401015528332209214568
-148.58948670343437470364733599126
-147.85265003824497398454695940018
-147.11571408076741818149457685649
-146.37872561016030203973059542477
-145.64172618552709081995999440551
-144.90475234679362870338081847876
-144.16783587828234658445580862463
-143.43100249807841350957460235804
-142.694272124190831618761876598
-141.95765832603279932300210930407
-141.22116742710804260241275187582
-140.48479761057191694817447569221
-139.74853790886305660023936070502
-139.01236650571195241354871541262
-138.27624856870767189320758916438
-137.54013286665963278210256248713
-136.80394685103414076365879736841
-136.0675892931596138168970355764
-135.33091669478218932454183232039
-134.59372115141994186160445678979
-133.85573019278635342743655201048
-133.11583638767666570856817997992
-132.37733166691663200253969989717
-131.64219162195291801253915764391
-130.9104129898935866549436468631
-130.1819909366442971077049151063
-129.4569200969276892010384472087
-128.73519403673293481915607117116
-128.01680560397809927053458523005
-127.30174651849634415157197508961
-126.59000801159183424715592991561
-125.88158033861853368762240279466
-125.17645284980127939888916444033
-124.47461447709099502390017732978
-123.77605300748464856042119208723
-123.0807557687369637733354466036
-122.38870924836061249152407981455
-121.69989923890923932958685327321
-121.01431079083189956691057886928
-120.33192836073118314743624068797
-119.65273562537100815461599268019
-118.97671552202263001163373701274
-118.30385047228207895386731252074
-117.63412204410019512579310685396
-116.96751138592176744168682489544
-116.30399843494657829978677909821
-115.64356305398717950083664618433
-114.98618389155575414406484924257
-114.33183908880738499647122807801
-113.68050626242580847247154451907
-113.03216159398553486425953451544
-112.38678134679469167167553678155
-111.7443401973195875598321435973
-111.10481229748549480973451863974
-110.46817099532407269180112052709
-109.83438830263551722055126447231
-109.20343552781545781726890709251
-108.57528258287086941891175229102
-107.9498983406035108600917737931
-107.32725034575594236230244860053
-106.70730431775101010316575411707
-106.09002478354847198716015554965
-105.47537387799630437257292214781
-104.86331199566382110788254067302
-104.25379685563001430637086741626
-103.64678301367391100029635708779
-103.0422217564557172408967744559
-102.44006001482284773373976349831
-101.84023904070042476632806938142
-101.24269324239159573153301607817
-100.64734749816129522059782175347
-100.05411328642075829975510714576
-99.462881824967354305044864304364
-98.873518965416721471228811424226
-98.285776405302655689411039929837
-97.699533037747613661849754862487
-97.116418316882374028864433057606
-96.536600605477246972441207617521
-95.960068801985883624183770734817
-95.386811493972942344043985940516
-94.816817011874732656906417105347
-94.250073413693030488502699881792
-93.68656862221818926173000363633
-93.126290279131268334822379983962
-92.569225686363509453258302528411
-92.015362168260821817966643720865
-91.464686656144166931881045456976
-90.917186086160867830585630144924
-90.372846992098047280705941375345
-89.831655876709760377707425504923
-89.293599061321643262090219650418
-88.758662704477089278043422382325
-88.226832762835741164053615648299
-87.698095108838728606315271463245
-87.172435379482493544855969958007
-86.649839315324541644258715678006
-86.130292294066734370971971657127
-85.613779658970941000006860122085
-85.100286577488546413405856583267
-84.589798279479808229552872944623
-84.082299788213632041333767119795
-83.577775933148245712800417095423
-83.076211649068383735539100598544
-82.577591552869080260279588401318
-82.081900540950186950794886797667
-81.589122938308065613455255515873
-81.099243471626010659747407771647
-80.612246466048674164994736202061
-80.128116370562295855961565393955
-79.646837477997934229279053397477
-79.168394088455741552934341598302
-78.692770285572947841501445509493
-78.219950401256667760208074469119
-77.74991849595859605415171245113
-77.282658487526774138132168445736
-76.818154597869209965210757218301
-76.356390673482877673450275324285
-75.897350727088777944118191953748
-75.441018614275790810097532812506
-74.987378152686176235874881967902
-74.536413290661016617377754300833
-74.08810773299478569242637604475
-73.642445268170675376495637465268
-73.199409637312157883570762351155
-72.758984489642202220238687004894
-72.321153663189804206012922804803
-71.885900610879346572801296133548
-71.453208985134949671191861853004
-71.02306244474900154273200314492
-70.595444424358973378730297554284
-70.170338551276415728352731093764
-69.747728258476882956529152579606
-69.327596935357902907526295166463
-68.909928079041449677788477856666
-68.494704974457548019017849583179
-68.081910936000028300441044848412
-67.671529268502922604966443032026
-67.263543093149323226498381700367
-66.85793564261267363235674565658
-66.454689939437898260621295776218
-66.053788972617383024044102057815
-65.65521564157950251683359965682
-65.258952776389975269921706058085
-64.864983041482673797872848808765
-64.47328902829539742924680467695
-64.083853185316925760162121150643
-63.696657680086715913603256922215
-63.311684673225364861082198331133
-62.928915976207008498022332787514
-62.548333278462415307785704499111
-62.169917712194489922694629058242
-61.793650383881761456450476543978
-61.419511836569895990578515920788
-61.047482144629292122317565372214
-60.677540757943361882098542992026
-60.309666506084916193231038050726
-59.943837233690018706511182244867
-59.580029799755294561691698618233
-59.218219500087791118403401924297
-58.858379792370548955204867525026
-58.500481488705396770910738268867
-58.144491528186136974909459240735
-57.790370965893622212661284720525
-57.438074044309857413281861227006
-57.087508518843229410322237526998
-56.738708379140732063206087332219
-56.39214744052538463847668026574
-56.047835310417617904477083357051
-55.705755688254825486183108296245
-55.365892209469876661387388594449
-55.028228813990736512096191290766
-54.692749304193760906400711974129
-54.359437769826563169317523716018
-54.028278322446709580617607571185
-53.69925515523135572948376648128
-53.372352603328579334629466757178
-53.047555061099266993096534861252
-52.724847046084853730008035199717
-52.40421314545010034180450020358
-52.085638064980386729985184501857
-51.7691066126450465390007593669
-51.454603670890648459135263692588
-51.142114185942666892970009939745
-50.831623201861958705194410867989
-50.523115981805908347723743645474
-50.216577635855273342713189776987
-49.911993654132707831649895524606
-49.609349302891224908762524137273
-49.308630230052216347758076153696
-49.009821943866043625348538625985
-48.712910223580152546674071345478
-48.41788069156074669763256679289
-48.124719389714307737904164241627
-47.833412055256104622458224184811
-47.543944865570757940531620988622
-47.256303823133542607592971762642
-46.970475105702576001931447535753
-46.686445015204313335743790958077
-46.404199819394719384035852272063
-46.123725958364254040589003125206
-45.845009895752546924541093176231
-45.568038098129726165552710881457
-45.292797308522118271412182366475
-45.019274130521580445929430425167
-44.747455258162275981703714933246
-44.477327599362489252143859630451
-44.208877933730860831929021514952
-43.942093231199422120880626607686
-43.67696044170386926452920306474
-43.413466610993637573301384691149
-43.151598838940046221068769227713
-42.891344214193352968322869855911
-42.63268991631447590862080687657
-42.375623125937032398269366240129
-42.120131108583862555860832799226
-41.866201186349940144282300025225
-41.613820532659602235980855766684
-41.362976530088005233665171544999
-41.113656478700249863322824239731
-40.865847679494891053764149546623
-40.619537501031970805343007668853
-40.374713161256210014471434988081
-40.13136198485211991737742209807
-39.889471180132836991560907335952
-39.649027911637062970839906483889
-39.410019243351236184480512747541
-39.172432227588217301672557368875
-38.936253681178087049374880734831
-38.701470310540251773545605828986
-38.468068632134148288059805054218
-38.236034878868835562570893671364
-38.005354960999795821408042684197
-37.776014384366320086883206386119
-37.547998145157222893431026022881
-37.321290432741442089081829180941
-37.095874553082580860063899308443
-36.871732412335632034228183329105
-36.648843801489825011685752542689
-36.427185370988752310950076207519
-36.206730934701752744331315625459
-35.987415285971394496300490573049
-35.76934130738619899148034164682
-35.552692067399462416688038501889
-35.337456703879588815198076190427
-35.123624110162808165114256553352
-34.911183305999465176228113705292
-34.700123281308719924709293991327
-34.490433278993435806114575825632
-34.282102418639382790388481225818
-34.075120096646926981520664412528
-33.869475621271234899722912814468
-33.665158481662444955873070284724
-33.462158261440556827892578439787
-33.260464502036057865552720613778
-33.060066955613187644757999805734
-32.86095534060500256146042374894
-32.663119476429379517412598943338
-32.46654933581976365530863404274
-32.2712348271339095617804559879
-32.077166048010845145199709804729
-31.884333049849331587211054284126
-31.692726089864141414409459684975
-31.502335345080577866383464424871
-31.313151174092187289943467476405
-31.125163911340028022323167533614
-30.938363995381408244611520785838
-30.752741936406142286841713939793
-30.568288293160616575505628134124
-30.384993655429610726059763692319
-30.202848699671232424179834197275
-30.021844145086621580276187160052
-29.841970748521500667038708343171
-29.663219381975242328053354867734
-29.485580862152328762704200926237
-29.309046122576390303038351703435
-29.13360618465810958355177717749
-28.959251913929559663074542186223
-28.785974544191489599143096711487
-28.613764982212899212754564359784
-28.442614476345731588935450417921
-28.272514091248702072789455996826
-28.103455043142783864595912746154
-27.935428529218494730912425438873
-27.768425774023590690831042593345
-27.602437978434046783604571828619
-27.437456414518191394336099619977
-27.273472350655993068357929587364
-27.110477007641694768835805007257
-26.948461619647815723510575480759
-26.787417451580573413139063632116
-26.627335613358152244245502515696
-26.468207330734994542353888391517
-26.310023687294087579857659875415
-26.152775647100483524809533264488
-25.996454211127936417824457748793
-25.841050193807141965862683719024
-25.686554204975699633450858527794
-25.532956830957722615949023747817
-25.380248216184156717645237222314
-25.22841838205442499543096346315
-25.077456775832882129861900466494
-24.927352487213497056472988333553
-24.778093768346963088333723135293
-24.629667815283802667636336991563
-24.482060311675816421939089195803
-24.335254400450768486052766093053
-24.189230587959890783622540766373
-24.043937924639216419109288835898
-23.899515967608209621175774373114
-23.756036978463122011362429475412
-23.613493524000375600735424086452
-23.471878187034036500335787422955
-23.331183568554450857845949940383
-23.191402442040661924238520441577
-23.052527496003477835984085686505
-22.914551660598274196445345296524
-22.777467661451254343774053268135
-22.641268562539778486097929999232
-22.505947236675666545124840922654
-22.3714968058246732596217043465
-22.237910301145547009582514874637
-22.105180879927889492364556645043
-21.973301726630843688781169475988
-21.842266086151937543036183342338
-21.712067263943040984486287925392
-21.582698566517475313730756170116
-21.454153390633724285407879506238
-21.326425207461234379024972440675
-21.199507450516961171160801313818
-21.073393661589811642897984711453
-20.948077443621087923020240850747
-20.823552381614788941988081205636
-20.699812126377640453256390173919
-20.576850453382785843814417603426
-20.454661033548063642228953540325
-20.333237687511427793651819229126
-20.212574253420626746446941979229
-20.092664576309076096549688372761
-19.973502597182633877537227817811
-19.855082238583598552850162377581
-19.73739750226444300551520427689
-19.620442389008555750251616700552
-19.504210972361189391222069389187
-19.388697313148352208145297481678
-19.273895581397148646374262170866
-19.159799899445346227366826497018
-19.046404444363904673309662030078
-18.933703463041279491108070942573
-18.821691149496544426256150472909
-18.710361830160710638892851420678
-18.599709730723233747085032518953
-18.489729241151358962724771117792
-18.380414640182646479615868884139
-18.271760317456507749511729343794
-18.163760629163711257660906994715
-18.05640996833660238962693256326
-17.949702746550784127066435758024
-17.843633364590516521275276318192
-17.738196249320687059025658527389
-17.633385799246944714013807242736
-17.529196461171508758525305893272
-17.42562263172385428333654999733
-17.322658734270838465363340219483
-17.220299100039568429565406404436
-17.118538190257474695954442722723
-17.017370245017453100899729179218
-16.916789606097065501444376423024
-16.816790489537972064226778456941
-16.717367112365138837049016728997
-16.6185135361244888940746022854
-16.520223781696763865056709619239
-16.422491698324321873769804369658
-16.325311020834757158581851399504
-16.228675262992094729952441412024
-16.132577652430274639527851832099
-16.03701116110802615821739891544
-15.941968247190084539965937437955
-15.847440728413987542921859130729
-15.753419596309877093176510243211
-15.659894370747425185186330054421
-15.566852781931155291772483906243
-15.474274857028689211801975034177
-15.382148941596973656942282104865
-15.290609071790402850865575601347
-15.199667796904391181556093215477
-15.109320155876959645979695778806
-15.019561159461064292486298654694
-14.930385999685476861031929729506
-14.841789705483888539561121433508
-14.753767541906778859583937446587
-14.66631465431889580486313207075
-14.579426348739817242972094391007
-14.493097835223073488464251568075
-14.407324466928550066313619026914
-14.322101597681388795990642393008
-14.237424561494433916664092976134
-14.153288818788848146823511342518
-14.069689781831080210849904688075
-13.986622916727650789425752009265
-13.90408376897662634519292623736
-13.822067809775290925244917161763
-13.740570675698366542860640038271
-13.659587879681890143501732381992
-13.579115099154691392868699040264
-13.49914794792726624450551753398
-13.419682136093555868683324661106
-13.340713319233664435614628018811
-13.262237257664086342856535338797
-13.184249681091641193120267416816
-13.10674636261888537092090700753
-13.029723125774525627207367506344
-12.953175758964498243130947230384
-12.877100111195563414412390557118
-12.801492051264766303120268275961
-12.726347458957377511978847905993
-12.651662226151138668228668393567
-12.577432270519693702226504683495
-12.503653527380620857911708299071
-12.43032195379216808817091077799
-12.357433495819080349065188784152
-12.28498411692912206660821539117
-12.212969849711187819707447488327
-12.141386621531871981005679117516
-12.070230482241480984839654411189
-11.999497416679535177763682440855
-11.929183438741240763647510902956
-11.859284567105977004075612057932
-11.789796768070953447704596328549
-11.720716078899004131130823225249
-11.652038481970556915712222689763
-11.583759942185384517188140307553
-11.51587642987231596691799495602
-11.448383862170537383917690021917
-11.381278172175179008718259865418
-11.314555182056247772948154306505
-11.248210758666692399287967418786
-11.182240620498259175974453683011
-11.116640470021222242280600767117
-11.051405919174634107093879720196
-10.986532442614233673339185770601
-10.922015380469481726777303265408
-10.857849934100201494402426760644
-10.794031028759237145209226582665
-10.730553343403304467074121930636
-10.667411104351264938827625883278
-10.60459798699173106228954566177
-10.542106857340046488502594002057
-10.479929190444433828588444157504
-10.418055389755703998844182933681
-10.35645791036668939000264799688
-10.295203063026022505255241412669
-10.234345653815639209938126441557
-10.173882352388416094868262007367
-10.113809795370151789484225446358
-10.054124671275207703047271934338
-9.9948236741978604413816356100142
-9.9359035173579517419284456991591
-9.8773609764031533586603472940624
-9.8191927762722670536277291830629
-9.7613957446328498690490960143507
-9.7039666524418244364369456889108
-9.6469023587512001682853224338032
-9.5901997060114059223678850685246
-9.5338555352467331260868377285078
-9.4778667792251933832403665292077
-9.4222303111372980310989078134298
-9.3669430623146876513374081696384
-9.3120019668481308627860926208086
-9.2574040051705388520986161893234
-9.2031461332216153437002503778785
-9.1492253457998664600836491445079
-9.0956386652549880977858265396208
-9.0423830897803689765623857965693
-8.9894556837132846283111575758085
-8.9368534672626100956449590739794
-8.8845735354659982618841240764596
-8.8326129428864419423916842788458
-8.7809687869605745902390481205657
-8.7296381535386444738833233714104
-8.6786181892855100983297234051861
-8.6279059728711953169977277866565
-8.5774986388954062022094149142504
-8.5273933382631756927594324224629
-8.4775871942069365161387395346537
-8.4280773635710133362408669199795
-8.3788610005677455205841397400945
-8.3299352312545948961997055448592
-8.2812972181999882081981922965497
-8.2329441307194279886516596889123
-8.1848730764616099975228280527517
-8.1370812308377207244802775676362
-8.0895657016164079777809092774987
-8.0423236203286165846293442882597
-7.9953520982772481318079371703789
-7.9486481984421288871089927852154
-7.9022090031981218061218896764331
-7.8560315477228952474320067267399
-7.8101127939865158111842902144417
-7.7644497576500182134395799948834
-7.7190392881577825079375543282367
-7.673878222684773930950541398488
-7.628963348235466845892460696632
-7.5842912865981411130178457824513
-7.5398585694244335542180124321021
-7.4956615745878494294629490468651
-7.4516964309982451908354050829075
-7.4079590041824285862048782291822
-7.3644447634876826214167522266507
-7.3211485448959479072073008865118
-7.278064266659201031473003240535
-7.2351850889016819934340674080886
-7.1924917473317488969541955157183
-7.1500267946536126828505075536668
-7.1078345439307177855425834422931
-7.0659126751451868386766363983043
-7.0242588582173715039402850379702
-6.9828707812360999440670639160089
-6.9417461514112828169231761421543
-6.9008826936637879256863925547805
-6.8602781006500777039036620408297
-6.819930189558784050518625008408
-6.7798366337701496675549606152344
-6.7399952676791752281815206515603
-6.7004038448240015313217554648872
-6.6610601700592404483813879778609
-6.6219620384873874030517981736921
-6.5831072806261152763340760429855
-6.5444937176417310453757636423688
-6.5061191876399853128987160744146
-6.4679815544568439733552622783463
-6.4300786566699166257876640884206
-6.3924083832381874969996715663001
-6.354968605028460615358198992908
-6.3177571931889104916990618221462
-6.2807720695459803295079836971126
-6.2440111038584795721817499725148
-6.2074722447111660983409819891676
-6.1711533610491526857799726712983
-6.1350524136264787955497013172135
-6.0991673105838941637557581998408
-6.0634959787846334222649602452293
-6.0280363534711085549133713357151
-5.9927863764838829041536882868968
-5.9577439672865173392324322776403
-5.9229070748287337977444622083567
-5.8882736405096238740952685475349
-5.853841588492437075785801425809
-5.8196088404831582963083747017663
-5.7855733417361756565355790371541
-5.7517329821952749568936269497499
-5.7180856920949807431497902143747
-5.6846293457366670054398127831519
-5.6513618376848988589244981994852
-5.6182810093977222365424495365005
-5.58538471185492824133689282462
-5.5526707463392401820101440534927
-5.5201368865195670210255229903851
-5.4877808739409044136436932603829
-5.4556003751514667854394247115124
-5.4235930193898500561999753699638
-5.3917563459414052928764249372762
-5.3600877906208133083509892458096
-5.3285846953024069705406873254105
-5.2972441803193248688330641016364
-5.2660631931835117924833866709378
-5.2350383417862245138962862256449
-5.204165736905569161763196461834
-5.1734408248535892482777853729203
-5.1428578698438789373881263600197
-5.1124039415315616352586403081659
-5.0821253340512129170747357420623
-5.0520386454998202907518134452403
-5.0221422504281001408799056662247
-4.9924344886611464744419208727777
-4.9629137577334345721169484022539
-4.933578419565416872671903547598
-4.9044268835936115635831811232492
-4.8754575408057592156296777829994
-4.8466687894302626915532528073527
-4.8180590708936703592257799755316
-4.7896267794490361424664115475025
-4.7613703768316026909701577096712
-4.7332882728852485598736166139133
-4.7053789329666653173944723675959
-4.6776407917578506356903744745068
-4.6500723245497930236069805687293
-4.6226719837699139503683909424581
-4.5954382503764223955045054026414
-4.5683695803605708363193116383627
-4.5414644775582200253438713843934
-4.5147213980104314856589553528465
-4.4881388624443605550595748354681
-4.4617153393081911971762565372046
-4.4354493274404731550930591765791
-4.409339328302266380887886043638
-4.3833838531262792059806088218465
-4.3575813757430292838535024202429
-4.3319304219588605775470568914898
-4.3064294800465026114011379831936
-4.2810770569463709733781797694974
-4.2558716522966832940255699213594
-4.2308117448525885961885251163039
-4.2058958479243049310980495647527
-4.1811224331179790425494502414949
-4.1564899828603003584248654078692
-4.1319969564987584220716598792933
-4.1076418331661699312462587840855
-4.0834230335688630475488025695086
-4.0593389962845032314930904249195
-4.0353881184071660470635833917186
-4.0115688043073030044638471736107
-3.9878793793367739439759134256747
-3.9643181882260742909807049727533
-3.9408834765372278141626338765491
-3.9175734881627568562123542506015
-3.8943863631938882008398650214076
-3.8713201612477163848780037369579
-3.848372845768622596551722381264
-3.8255422012036532919410092290491
-3.8028258217798818208166267140768
-3.7802209713188910100711837003473
-3.7577244126159072834525431971997
-3.7353325279370448441795815597288
-3.7130351899769240553439431096194
-3.6908553260280356766998011153191
-3.6688162318307990794608031137614
-3.6469166826662995362084984662943
-3.6251554310655436097476922441274
-3.6035312619721722171561850700527
-3.5820429400321858182110190682579
-3.5606892521897917092132956895512
-3.5394689874489184688854948035441
-3.5183809478107641588451315328712
-3.4974239204243628975632418587338
-3.4765967143657698912306841521058
-3.4558981372646413454674529930344
-3.4353270087626817108628074493026
-3.4148821351440346028027761349222
-3.3945623511610603095789429062279
-3.3743664646499587078665172157343
-3.3542933181296179512287380930502
-3.334341738015489831070681248093
-3.3145105628765940686264457326615
-3.2947986179852137844648041209439
-3.2752047569092237466747974394821
-3.255727806186260675502808226156
-3.236366621117293451703744722181
-3.2171200305268072838771331589669
-3.1979868848876220610577547631692
-3.1789660260537928593294054735452
-3.1600562914073075937437806715025
-3.1412565188416285977268671558704
-3.1225655512673862190808904415462
-3.1039822201438069804169117560377
-3.0855053415794251314707707933849
-3.0671337594168566198504777275957
-3.048866271404653716103894112166
-3.030701695796253147818788420409
-3.0126388255748266509215227415552
-2.9946764442569637765245715854689
-2.9768133195542785252030171250226
-2.9590482087832254975978685251903
-2.94137984286605735917419224279
-2.9238069145421610173229964857455
-2.9063281160487672849512819084339
-2.8889420589275509598792268661782
-2.8716473461386362586722498235758
-2.8544424902511367214685833459953
-2.8373259408406852344342041760683
-2.8202960428285193117403650830965
-2.8033509831544884960408126062248
-2.7864887583111004332181437348481
-2.7697070264914120940602515474893
-2.7530031016586353764807881816523
-2.7363717251199783930815101484768
-2.7198161567132350668885010236409
-2.7033629685655915508846192096826
-2.687012520560500661304104141891
-2.6707639521460828646581830980722
-2.6546163495578620761250476789428
-2.6385688762518197947315456985962
-2.6226206344319313856772168946918
-2.6067707661909547134371223364724
-2.5910184125629203144569601136027
-2.5753627009382471513276868790854
-2.5598027859951564266793866408989
-2.5443378050364868769861459441017
-2.5289669038526474409422917233314
-2.5136892400866965857630930258892
-2.4985039626859237849032524536597
-2.4834102233811901072613181895576
-2.4684071825321929338770132744685
-2.4534939900445031923936767270789
-2.438669815677747987336942969705
-2.4239338127282543666751735145226
-2.4092851391805627514486332074739
-2.3947229629093760294722414982971
-2.3802464455301937107378762448207
-2.3658547324769259034837887156755
-2.3515469956088210778943903278559
-2.3373223985207713937484186317306
-2.3231800768022794478895320935408
-2.3091192051333511159327827044763
-2.295138916243705029529564853874
-2.2812383557622259999675407016184
-2.2674166824231600791961227514548
-2.2536729984601109322284173686057
-2.2400064556361951595420123339863
-2.2264161523556151855984808207722
-2.2129012008861450588881325529655
-2.1994606873596138640891695104074
-2.1860936942771505009375232475577
-2.1727992636277511095954650954809
-2.159576429216018222945194793283
-2.1464241989218688644314170232974
-2.1333415280965004612312441167887
-2.1203273276272129876929284364451
-2.1073804650395420168251803261228
-2.0944996951113195038374215073418
-2.0816836869908246221427816635696
-2.0689309219790441574104988831095
-2.0562396299664476018165260029491
-2.0436077954234694864510402112501
-2.0310303791889263713699165236903
-2.0185165382827623403727557160892
-2.006082350993591223442535920185
-1.9937271391275024345901556444005
-1.9814501642878312726026024392922
-1.9692507270498207372355636834982
-1.9571281074835207292039740423206
-1.9450815928814666477819628198631
-1.9331104842350046446597389149247
-1.9212140606526548758381522929994
-1.9093916290502166432929698203225
-1.8976424830154043910113159654429
-1.8859659230304377519615854907897
-1.8743612493293875242983403950348
-1.8628277599391742658241355456994
-1.8513647644109263445955093629891
-1.8399715582970366245518789583002
-1.8286474544163973110499910035287
-1.8173917521657170226490052300505
-1.8062037603210614467030836749473
-1.795082779215253276916541835817
-1.7840281186156419224175806448329
-1.7730390763608174786725157900946
-1.7621149583080777389909599150997
-1.751255063513377896455835980305
-1.7404586882438524142457936250139
-1.7297251285377506224705257409369
-1.7190536800501106107219584373524
-1.7084436200629535829165206450853
-1.6978942447317539876650016594795
-1.6874048120074307544058456187486
-1.6769746120784438936368587746983
-1.6666028846407923147410201636376
-1.6562888941489761762682064727414
-1.6460318686831829637640112196095
-1.6358310322664968428085785490111
-1.6256855952621556138382175049628
-1.6155947336461606855806394378305
-1.6055576053754117005212265212322
-1.5955733338601878479323659121292
-1.5856409985345241153709139325656
-1.5757596208468884757536443430581
-1.5659281502135091734828620246844
-1.5561454317787568601971770476666
-1.5464101462428105904223230027128
-1.5367207424009277083598590252222
-1.5270752597592545107829664630117
-1.5174696865537944390212032885756
-1.507919692766277020012921639136
-1.4984302042703614432639369624667
-1.4890006950133742869013531162636
-1.4796306150821865177391600809642
-1.4703194397813685867504318594001
-1.4610666272760721717816068121465
-1.4518716505626780843840606394224
-1.4427339780518440015555370337097
-1.4336530783423102608509225319722
-1.4246284182997455136643338846625
-1.4156594808924674033789870009059
-1.4067457293979286347962442960124
-1.3978866465940129604206276781042
-1.3890817010103573281298849906307
-1.380330363351691236317719813087
-1.371632122597959746457263463526
-1.3629864403576221754121888807276
-1.354392796850832692001631585299
-1.3458506652055723940009102079784
-1.3373595187604196965480696235318
-1.3289188348654488169842124989373
-1.3205280718717233856551729331841
-1.312186712268341493015100240882
-1.3038942110010918185025730053894
-1.2956500393127636794332602221402
-1.2874536552499857844367170400801
-1.2793045132520663997865995042957
-1.2712020649047324205582754075294
-1.2631457551791103188776332899579
-1.2551350259760152283661227556877
-1.2471693008142175074226543074474
-1.239248004395660851528759849316
-1.2313705456942722893387553995126
-1.2235363150246048036251522717066
-1.2157446907245961220667140878504
-1.2079950310431832871671531393076
-1.2002866564843812646756759932032
-1.1926188662623560254871790675679
-1.1849909015558621749875101158977
-1.177401952338289703448026557453
-1.1698511111562241993055977218319
-1.1623373272176344972450579007273
-1.1548593916879599241553933097748
-1.1474152773810901706497134000529
-1.1400044838010630066094108769903
-1.1326401959979242040077451747493
-1.1253234187208855932027518065297
-1.1180536973665133881894462319906
-1.1108306082192398456243154214462
-1.1036537065139071511765678224037
-1.0965225587302422916025079757674
-1.0894367331483036931416563675157
-1.0823957898923934894952481045038
-1.0753993025807346839428646489978
-1.0684468348830251649417277803877
-1.0615379546308467695325816748664
-1.0546722309685048202254620264284
-1.0478492329961810458627269326826
-1.0410685275856672582506234903121
-1.0343296817536671294845973534393
-1.0276322681841552064696543311584
-1.0209758497285699174739193040296
-1.0143599938844163332873904437292
-1.0077842668969470008022426554817
-1.0012482324627085539248128043255
-0.99475145081857163642524710667203
-0.98829348489450374870557425310835
-0.98187389106946776351492189860437
-0.97549222445130523428957758369506
-0.96914803616988676182586459617596
-0.9628408729840386426346299231227
-0.95657027458297638755624348050333
-0.9503357821732477672682648517366
-0.9441369209559123953923176486569
-0.93797321080642981350194986589486
-0.93184416857600138595074668046436
-0.92574928564520053697606272180565
-0.91968805105716566750118090567412
-0.913659930928213181999808512046
-0.90766436700811858884208049857989
-0.90170077542238802337237757456023
-0.89576853462828498475545302426326
-0.88986696598201320274057479764451
-0.88399532390981105933747130620759
-0.87815274576706181530738604124053
-0.87233822441162800487290951423347
-0.8665501402795878771456727918121
-0.86078777892890490086585941753583
-0.85506216730927731006772773980629
-0.84937432338012464061449691143935
-0.84372388577094892259111702514929
-0.83811048879154537161184634896927
-0.83253377318991195199515686908853
-0.82699337323762722729014740252751
-0.8214889341304344450023222634627
-0.8160200923280325202568974418682
-0.81058648594918336627301869157236
-0.80518775969735867370502546691569
-0.79982354707726632803144184435951
-0.79449349372181854445074122850201
-0.7891972400014573008064644454862
-0.78393442045934147444086192990653
-0.77870467790679065434034100690042
-0.77350765102238194792505510122282
-0.76834297681941798874305504796212
-0.76321029000666629205085200737813
-0.75810922667229696525481585922535
-0.75303942075735230687882904021535
-0.74800050377187932149070093146292
-0.74299210224280243242134247338981
-0.73801384638620981526457853760803
-0.73306535573780606807048343398492
-0.72814624767682267769686177416588
-0.72325614138137650499515984847676
-0.71839464244984108098890374094481
-0.71356135324406400055607946342207
-0.70875587015599761375739262803108
-0.70397777706312025802759535508812
-0.699226652074457555308129030891
-0.69450204757509803599191400280688
-0.68980351975592590907382373188739
-0.68513058620990008318329955727677
-0.68048273941340542414479841681896
-0.67585944945559495167231034429278
-0.67126011347461367329003678605659
-0.66668407790399908385836624802323
-0.66213055551674726562083606040687
-0.65759867360204682373847617782303
-0.65308607635582505146487619640538
-0.6485982461784531860615743426024
-0.6441405652398520809143178667
-0.63971273661527161547013520248584
-0.63531447007782326785729765106225
-0.63094547955076563106047160545131
-0.62660546573618924881543534866069
-0.6222941468250755558955233937013
-0.61801122490450777213766286877217
-0.61375641714511963709099973129923
-0.60952942753952532584094115009066
-0.60532996976378561360121466350392
-0.60115775211538924338583456119522
-0.597012485784237156849485472776
-0.59289387656868675069432583768503
-0.58880163444979927156452959025046
-0.58473546912572416101028238699655
-0.58069508637348610236017520946916
-0.57668018992588931936893459351268
-0.57269048488097540339225588468253
-0.56872567600630807849171333145932
-0.56478546187147371515635541072697
-0.56086954056820514935566279746126
-0.55697761160673076030747097320273
-0.55310936322239567797254267134122
-0.54926448656821003080352738834335
-0.54544266620345838170180741144577
-0.54164358353556996128475020668702
-0.53786690842505802123696412309073
-0.53411231140873804967839078017278
-0.53037944776653023204460168926744
-0.52666796467174481488626724967617
-0.52297749836917817312098577531287
-0.51930766713271903078918967366917
-0.51565806384070145274023388992646
-0.51202826223171060693317713230499
-0.50841778933068926260574471598375
-0.50482612090452538833318385513849
-0.50125264400257285579698418587213
-0.49769666505892018459888959114323
-0.49415657858785783096422505877854
-0.49063490191257880246311628980038
-0.48713750032916269816496424027719
-0.48366417605845024585420333096408
-0.4802146907026434430321160107269
-0.47678880441646642740494144163677
-0.47338627811042499615723500028253
-0.47000687063655788300309268379351
-0.46665034378224784505917455135204
-0.4633164567071518802343632614793
-0.46000497133867657151284902283805
-0.45671564790557284130301241020788
-0.45344824382035320287087643009727
-0.45020252209016303757138643959479
-0.44697823865287650280109232880932
-0.44377515485135454742504634850775
-0.4405930234421392976962295051635
-0.43743160740300579547579218342435
-0.4342906544745694930043100612238
-0.43116992506917056759974116175727
-0.42806916696566810198731900527491
-0.424988132112236627335732919164
-0.42192656860079907898963824663952
-0.41888421927105756736864350386895
-0.41586082933483009549391340442526
-0.41285613510585222885040934670542
-0.40986987191059609525467521962128
-0.40690176522799059721791081756237
-0.40395154193002164033643452967226
-0.40101891215907603527313085578498
-0.3981035874174450039930661660037
-0.39520525589100569119338501877792
-0.39232360431128004973899692231498
-0.38945828856579411958449554731487
-0.38660895000518702424585626431508
-0.38377519144859190136642723700788
-0.38095656380581749411717851216963
-0.3781525487258128315204430691665
-0.37536255041491772832529250081279
-0.37258505155723958823799080164463
-0.36982315081082894892006152076647
-0.36708133485245753035997040569782
-0.36435938730255457151940845506033
-0.36165709211568475289766411151504
-0.35897422642193543840249958520872
-0.35631057474555238862023998080986
-0.35366591834042504505219994825893
-0.35104003797014909915574776277936
-0.34843271436239164895454223369597
-0.3458437308207047422570212802384
-0.34327286495715303438203136465745
-0.34071989864219565102843034765101
-0.3381846110844050068422461663431
-0.33566678009045658459541527918191
-0.33316618471333120377053660376987
-0.33068260124892667750629016154562
-0.32821580472142608542185371334199
-0.32576556824601343720360091538168
-0.32333166710416855194054619460076
-0.3209138696263240664308113991865
-0.31851194374654140384350853310025
-0.31612565554678606627447834398481
-0.31375476782025624178373846007162
-0.31139903892163955934080377119244
-0.30905822192009030358050836184702
-0.30673206970157868012094581899873
-0.3044203224675920416153473979648
-0.30212271832298054352605731764925
-0.29983898445847717573187196649087
-0.29756883778782722282940653713013
-0.29531198120857171662834161907085
-0.29306810135493815971940989584255
-0.29083685870962944219897394759755
-0.28861788384941755580825883953366
-0.28641075741940702492627224273747
-0.28421498676617601431004800360824
-0.28202999857177935005836388882017
-0.27985432620637268330554547901556
-0.27769240128044031523657508842007
-0.27554662958235570657805624250614
-0.27341683430286867206859824364074
-0.27130283296169732665248375269584
-0.26920444738748122714966370949696
-0.26712149825445791195832612174854
-0.26505380267166372965093046332186
-0.26300118442529579754207702535496
-0.26096345842211349230765904394502
-0.25894044865811938205268916135537
-0.25693196899586134840376416832441
-0.25493784199065366857794856514374
-0.25295788068387697888894649622671
-0.25099190527962961239083483633294
-0.24903973067981441391616215241811
-0.2471011688642864301268531335154
-0.24517603685531313972845168791537
-0.24326414447891345216312686261517
-0.24136530268866984716424894941156
-0.23947931862298957317314318515855
-0.23760599910765084485930742630444
-0.23574514797582887815075025628175
-0.2338965637993958845974873383966
-0.23206004416534278811390379360091
-0.2302353815498753564217082612231
-0.22842236093276988007083616594173
-0.22662076647565995712874098444445
-0.22483036802849343249732783078798
-0.22305093197845310415416975047265
-0.22128220796407119252968698219775
-0.21952393474727827094028498322587
-0.21777582655908528375121591125207
-0.216037568798565032812675212881
-0.21430880499169305264395291032997
-0.21258911407381775315883487564861
-0.21087791521616283674234182399232
-0.20917442067507513447921496663184
-0.20748315368388739465821402063739
-0.20580499610188285330991675436962
-0.20413979748769731092927770532697
-0.20248740718126778670438170593116
-0.20084767379851081736674700550793
-0.19922044771706762245067068306525
-0.19760557688352284322341745337326
-0.19600290904375916589685857616132
-0.19441229402547349769392326379602
-0.19283357910781234734187705726072
-0.19126661071286057969054184013658
-0.18971123684296861688913793386746
-0.18816730273973553133615155275038
-0.18663465346443705583645567003259
-0.18511313316392535854859602295619
-0.18360258606249524326869959622854
-0.18210285136666937155780487955781
-0.18061377228853553456033864677011
-0.17913518555970411871847147722292
-0.17766692709614240186510869534686
-0.17620883316224583703402117862424
-0.17476073274083012143442772412527
-0.1733224564328256778189540909807
-0.17189382612365508573581962536991
-0.1704746636195651476874957097607
-0.16906478198036309357199513669912
-0.16766398888113820397904873971129
-0.16627208333403517559467843511811
-0.16488885448346612960790480428841
-0.16351407616189223004354857948783
-0.1621475025768747968424321470593
-0.16078886314241963573223870298534
-0.15943784332208554843646197696216
-0.15809407848332598933716042211017
-0.15675694419878219432185062487406
-0.15542644104450326070221422014583
-0.15410655069377190984347691937728
-0.15279750847703160721025028578879
-0.15149917834848583564344437490945
-0.15021142382190699748889528564177
-0.14893410747651461556451124579326
-0.1476670951536602771625439345371
-0.14641024575876315783062864284148
-0.14516342644381877158288318696577
-0.14392649412695529553829487667826
-0.14269931566105800713195606022055
-0.14148174837936944303606878747814
-0.14027365385194640046151448586897
-0.13907489205514492192072850684781
-0.13788532051319049576143527247041
-0.136704797030865687901268756832
-0.13553317911091669611955978780315
-0.13437031972412386005011342149373
-0.13321607311355301850319676759682
-0.13207029074183768146966144740873
-0.13093282127618485755071731091448
-0.1298035119039566420706677263297
-0.12868220653751574755752073997428
-0.12756874378066110353735496119043
-0.12646296135441487118455938798434
-0.1253646900776465011873028743139
-0.12427375343210296521068158881462
-0.12318997086989566525083716896916
-0.12211314834015458974381118650854
-0.12104308105792738192718616119237
-0.11997954781295448734024233772288
-0.11892230112330338942516760880608
-0.11787105620165588826253610932326
-0.11682548722604846336281525509548
-0.11578499134581822505030146430727
-0.11474987351271659363760591077153
-0.11372337771295973340990315136878
-0.11270557953351720281709447135654
-0.11169637193615061798723786523624
-0.11069564591508844475509221183529
-0.10970329440582987645669277299021
-0.10871920829474343572762506937579
-0.10774328074334212079765649150431
-0.10677539987195726334245904354248
-0.10581545996658187069883183539787
-0.10486334772982300322929916092107
-0.10391895582925621266401350339947
-0.10298217162270587032857349640835
-0.10205288413354376975128445792507
-0.10113098033097875361185913334339
-0.10021634727326907132738398331639
-0.099308870136176674581207635128521
-0.0984084329503229632285510319889
-0.097514919138321887182030422991375
-0.096628207990300113428006056892627
-0.09574818049005960618469401879338
-0.094874711387098811798956887741952
-0.094007675349689040489309377335303
-0.093146942733417684157082305773656
-0.092292379685902758978954807389528
-0.091443847742989942117830537426926
-0.090601202786108753217675371161022
-0.089764291535403537003467988597549
-0.088932951271283991467875296166312
-0.088107006859002259813173907332384
-0.08728625932467626302724283959833
-0.086470484597833519035958715903689
-0.085659415681217737636998776906694
-0.084852604106270296258074381512415
-0.084050033975910834471712007598398
-0.083254675041450093564421308656165
-0.082466713515826350899828867113683
-0.081686041322244523632534196622146
-0.080912553265120409906607790162525
-0.080146143481263823482585451074556
-0.079386703388490714727865338318225
-0.078634127375727572162311673764634
-0.077888307531060060884264828473533
-0.077149134876896854895456101530726
-0.076416502044556730566249314051674
-0.075690299065508837017546284187119
-0.074970415848056179419778288774978
-0.074256741648967311553164449833275
-0.073549165531749463586841386586457
-0.072847572753400646750066016466008
-0.072151851385106949288150701704581
-0.071461884028855102157784529026685
-0.070777554267213840799577440066059
-0.070098743285940651182031047028431
-0.069425329113947886749969029551721
-0.068757187947335748900989926823968
-0.068094193201475666787914065025689
-0.067436213750202700367708530393429
-0.066783114431869017302290103543783
-0.066134754908295179109956052343477
-0.065490987590204857715647790428193
-0.064851656367168705741299561395863
-0.064216592417419518512566867229907
-0.063585612469455835005227584133536
-0.062958506344353654116119400896423
-0.062335030498657996445022178022555
-0.06171488246879694439250840787281
-0.061097429619771777276060475969643
-0.060485074651414449942166129403631
-0.059878655809715075619692470354494
-0.059278086954746178616204588252003
-0.058683283091167368072937904344144
-0.058094157174134700150069932078623
-0.057510623474001008881284491280894
-0.05693259440570953844318324854612
-0.056359984311387271993520897694907
-0.055792704400014755949932521161827
-0.055230667209871825429345904012735
-0.054673784387203445966907366937448
-0.054121966463886284071094223691034
-0.053575123829658941043696529504814
-0.053033165616113937812503564828148
-0.052496000391466242362970007206968
-0.051963535499390069161140814912869
-0.051435676566974522505582001485891
-0.050912329246648735381342021355522
-0.050393395581101591007566753432911
-0.049878776971575729259900100487357
-0.049368372830579099197478853966459
-0.04886207872369037474857833558417
-0.048359787769109881250262361618297
-0.04786138946885108019779764276791
-0.047366767582208042786096058307521
-0.046875800261131680968240686979698
-0.046388357728964338400068356804695
-0.045904299383104751886008898509317
-0.045423468324130730766619024052488
-0.044945684806337544980880949196944
-0.044470741081403995786924809863194
-0.043998265315683321441397879425494
-0.043528385841620644003402418320547
-0.043063249427389108103803039284685
-0.04260293032546049601938520368094
-0.042147353644501221736629048564282
-0.041696444812618339847976045575706
-0.041250129311283641186935966516103
-0.040808331638745962144376733249374
-0.04037097608757134192813964546076
-0.039937987478332291624294470011591
-0.039509288557855494483650460324498
-0.039084803564886028137692619566224
-0.038664454453787314158752508319594
-0.038248163150747013783181671442435
-0.037835851433086632733537868489293
-0.037427439331887725482150841571638
-0.037022846624218445910070585114227
-0.036621991484947248596260038766559
-0.036224791281242639529036608792012
-0.035831161580553570755736103592426
-0.035441016620468453190984092771032
-0.035054268269677349434410018602648
-0.034670826377258240347245532575471
-0.034290597845631411166866797657349
-0.033913485955229728807669431489558
-0.033539390518658895867787350653089
-0.033168204669323304856209944091461
-0.0327998156263314341596348810981
-0.032434100694228355787895878847849
-0.032070923019023193922816261647313
-0.031710125659515905893748310973024
-0.031351528196954324412271120081641
-0.030994785288120527827482320049057
-0.030640150537186178897330890436024
-0.030289397595288331671570247749514
-0.02994254280421575209469864375933
-0.02959952305017142515364270138889
-0.029260273745955724111755813510172
-0.028924730932160705454414539872232
-0.028592829939323792520777800518772
-0.028264505976052154562205842580624
-0.027939693910071332350053552318059
-0.027618327986661462408735090434675
-0.027300342219060219628445906892011
-0.026985669994248877995302038357295
-0.026674243915286510037132572392693
-0.026365996311166817189786115704919
-0.026060858271208974662469515237717
-0.025758760346450922107397474292156
-0.025459631882433067517901292831084
-0.025163401049936244546767483143412
-0.024869994768357894104893190956318
-0.024579338082062078540968030893055
-0.024291354500650924608251557401672
-0.024005964916748917525879392087518
-0.023723087772538141437816960888085
-0.023442637978619441235794695899131
-0.023164526193381638347057460691758
-0.02288865760375765473488840484606
-0.022614930171157045235563742835438
-0.022343231470215565992454287425062
-0.022073433689692771586532415994952
-0.021805387688794655720592174930061
-0.021538887390208767691479607719884
-0.021273674077305196328246950088214
-0.02101131597222721456019733921039
-0.020752103146011072198895419660403
-0.020495981683967108566424286664187
-0.020242898297106085014895882068231
-0.019992799401616044574492292440482
-0.019745630553364017928386076050629
-0.019501337923445709321423890969527
-0.019259866646106876819644071474613
-0.019021161708641910748074366210858
-0.018785167897891925925524247986687
-0.018551829393159250530809245560704
-0.018321089586974412255493405154994
-0.018092891650229009359307497106784
-0.017867177926861120551560446756412
-0.017643889924291947940426794616542
-0.017422968225749919241041041573226
-0.017204352515947266694107398166125
-0.016987981032486120652746919290621
-0.0167737910231874169653121242618
-0.016561717319279259386100022766186
-0.016351693504131726425443460470888
-0.016143650199254153815298096219522
-0.015937515032510299328727398915362
-0.015733211946115256002487470254891
-0.015530659711868077116347919286454
-0.01532977003165085332081485347544
-0.015130445048686496853362903891593
-0.014932571670067736058218343941917
-0.014736020077084147072987718729564
-0.014540544089396888194354318102341
-0.01434631132263444394658868930037
-0.014154638102419861422909264092596
-0.013965540569665677722577257213743
-0.013778969270571442273798368205462
-0.013594873880646653196979656286203
-0.013413204671274034374128802937776
-0.013233910876112151347450129890149
-0.013056942008071838537408559943742
-0.012882246745663402526238527912028
-0.012709773838041824034483795458073
-0.012539471265889451032093937499212
-0.01237128653681725948265679448923
-0.012205166925212677236922687029619
-0.012041058632772621075912589105883
-0.011878907354933221016124456070884
-0.011718658083958704424487606843286
-0.011560254512781290361922437170961
-0.011403639646387336153976477248762
-0.011248754858743149204203248814338
-0.011095540136270115941230507417004
-0.010943933862608366119895109136451
-0.010793871819650503740550817610711
-0.010645287442399058164266278936338
-0.010498110759764332777788098383098
-0.010352267308689939995236528602618
-0.010207676668251239662787988038417
-0.010064250509988005230499474862427
-0.0099218877551640119460962807806936
-0.009780471688722347164968162758214
-0.0096398174449002140690145878920703
-0.009499869047588708342866326006515
-0.0093618217621037874004441547981514
-0.0092257740511742687694596298797478
-0.0090916859808995963143640750558916
-0.0089595173384257927734486415261017
-0.0088292278369816803995639986624155
-0.0087007767576119891123065386295821
-0.0085741234452531341764247585501835
-0.0084492265295395621582663636672805
-0.0083260448404207862416193108856532
-0.0082045361524763736615906140059451
-0.0080846586590907140723594181963563
-0.0079663691558131514980356513433435
-0.0078496248235655138869582003735559
-0.0077343814289628463887193987602586
-0.0076205945981369128949811653228608
-0.0075082188185232540469926654225219
-0.0073972078847829329448226864940352
-0.0072875141870404119490145511406354
-0.0071790892940094752291968482893481
-0.0070718826785123789155362850067377
-0.0069658422466034267822587722207572
-0.0068609135696195752002202183916779
-0.0067570391250118110731959220061071
-0.0066541575167649502295375008031897
-0.0065522020771128343732958576595138
-0.0064510984126225408979982134383135
-0.0063507602293172956200995038500423
-0.0062510912600812831851904149971233
-0.0061518578159859872711567874148386
-0.0060535239364974272394115395456993
-0.0059567631968799970160199919178012
-0.005861542928925420926911105112822
-0.005767830299829478785111902539029
-0.0056755921774131710966226904702125
-0.0055847952666278361660845419578436
-0.0054954060966188210055061169612145
-0.005407391113885718671172586624607
-0.0053207160045329847386508248519021
-0.0052353467496911417281002520951461
-0.0051512486561919165403700127114917
-0.0050683865569772319423225148682377
-0.0049867252405751006510969958185342
-0.0049062285260407295303664021446366
-0.0048268599933201962459694556173417
-0.0047485825368755417430488563468316
-0.0046713581422631132028522316090857
-0.0045951479334919130559367062005549
-0.0045199121960790896584958531434495
-0.0044456098202609733993639906657336
-0.004372198080340158887757695538312
-0.0042996325968582861654088134173435
-0.0042278665036680979430472326896506
-0.0041568499073058162024407735657405
-0.0040865286381477263638606345352855
-0.0040168425663089863189569861390282
-0.0039477224666990412549338884673489
-0.0038790898523865819519373943080609
-0.0038107766446518888218963905245573
-0.0037430245921091882463360711597034
-0.0036764829061818136285433311627457
-0.0036111323088028092487267173282817
-0.0035469455749506085227851226449047
-0.0034838954512619564954367668008217
-0.0034219544432750382580155079637052
-0.0033610948563017476256598037309686
-0.0033012888341546961501471457722801
-0.0032425082623353347274774982622603
-0.003184724775866290807230241100001
-0.0031279096766796735638871407303441
-0.0030720339830942466896601672488032
-0.0030170682930736082705269751613741
-0.0029629828331752851300340267926003
-0.0029097471436049732532169720400361
-0.0028573305330123334282166336350883
-0.0028057012926038593994548797638799
-0.0027548271841726134148697902048752
-0.0027046749222517448181524191141989
-0.0026552101217614796670185572935452
-0.0026063971489833481082198929357219
-0.0025581985562756850462184932126775
-0.0025105747728612877803233693896345
-0.0024634834765770094455739069871925
-0.0024168782087473699923818593049418
-0.0023707068801978189130641450077519
-0.0023249085818107671948251624627346
-0.0022794109387205253001995597372797
-0.0022340502097939491515932175502712
-0.0021893935376477149587493009619266
-0.002145676946236746516355475833393
-0.0021028764888135712679551048154281
-0.0020609682445785976537266925845415
-0.0020199280487707832465460455750872
-0.0019797315994455797448503542312892
-0.0019403544019411895701909820388664
-0.0019017717743317649574386063449083
-0.001863958767190239482897107237136
-0.0018268902466932741661398420518481
-0.0017905406492848274790929963273811
-0.001754884260006018192531995758543
-0.0017198948472513303151187891160134
-0.0016855458103058685095931856778861
-0.0016518101192931663578206125109205
-0.0016186600315781759021338537252177
-0.0015860673527910000048246619286374
-0.0015540029313232421245838388301763
-0.0015224368175430298601863432494952
-0.0014913379503307924896227110167501
-0.0014606737947038953614325995644663
-0.0014304101984631554297239253159546
-0.0014005107055024789124847428567477
-0.0013709356717899014773548449497298
-0.0013416411979568290679942776932876
-0.0013125762636036738054134964670538
-0.0012836842375501488194150523369785
-0.0012548241316172733736400424220392
-0.0012263339626931539505516610688574
-0.0011985024671899756690263139091712
-0.0011713127478014989830967795825245
-0.0011447477532760480870011043919021
-0.0011187903273290921487420623847697
-0.0010934231594047774064476508115717
-0.0010686289258203664036261937297922
-0.0010443899986786000545768704483862
-0.0010206886686175231735568269542114
-0.00099750704137440901475564203337854
-0.00097482694159248804190165405003654
-0.00095263005757424646866016182400472
-0.00093089766362376116966281802689309
-0.00090961087883587206370794575605032
-0.00088875031968472920952673010930312
-0.00086829629009087315287540587149806
-0.00084822853499549617090069730807045
-0.00082852625701830768037425833938414
-0.00080916797302643195602400716381908
-0.00079013132062330678189593369253885
-0.00077139289789425382476428794120693
-0.00075292796398633825977197986389911
-0.00073470998273714063601935730929426
-0.00071670990684359842191192280225209
-0.00069889505618528423129542925806845
-0.00068122743169673951463272132400562
-0.00066365881425142032520869683764886
-0.00064610510265057652379283581467462
-0.00062893785316364421000140394468758
-0.00061225711990714991317386051150606
-0.00059604852240771296397608969286352
-0.0005802974785547097662241622373358
-0.00056498944369020101530232125242037
-0.00055010961669382557777396858256225
-0.00053564318722394243903195398814887
-0.00052157513671601831405089111370899
-0.00050789030527782362718636210985323
-0.00049457336918612350862983761956571
-0.00048160879376731778557171881338661
-0.00046898083059126864126364697682448
-0.0004566734645093043355561224228012
-0.00044467041935585113407447543920625
-0.00043295504630623023048854869365698
-0.00042151035811680909659235338970973
-0.00041031886766538730329859085976807
-0.00039936260139866502829469885327285
-0.00038862289383400033890986202678164
-0.00037808032208099597330439034514882
-0.0003677144304364661974923733644971
-0.00035750349297486796757566951399099
-0.00034742398992554639897134549642033
-0.00033744990636357433642922298844269
-0.00032755133361999597694028119043708
-0.00031769514198662742506668044129015
-0.00030780213416587565286239303041782
-0.00029804197665416631455800877681384
-0.00028859262950119450238939400321669
-0.00027944489766658012338748640068786
-0.00027058954806358394415063961524481
-0.00026201726621727605649400660858817
-0.00025371867011984703581609079670045
-0.00024568430546509416540282288998753
-0.00023790461724849560633775202855844
-0.00023036995286604278611146401356535
-0.00022307055841680397149581760452008
-0.00021599653925533952988566332997777
-0.00020913787055735368991364608870498
-0.00020248436185535428248963296660179
-0.00019602563710545894623549223467762
-0.00018975111917521596694574670394218
-0.0001836499675748709764586813486531
-0.00017771107730827511751725555910753
-0.00017192298002016400456509748195799
-0.00016627381616926686707866323011729
-0.00016075119903709018769066840803816
-0.00015534211824946657885815337607482
-0.00015003272356638251271848671919429
-0.00014480803887795823934638017593812
-0.00013965145566570533099820528022406
-0.00013454389759166222699515724769981
-0.0001294639961671807172095827187519
-0.00012436112873273977037086313046643
-0.00011936232597045443211414283979366
-0.00011455702245788187553128534279523
-0.00010993982214773843041066836434538
-0.00010550530112333502113369787522856
-0.00010124798512757835009922419144957
-9.7162371542517078333925373279101e-05
-9.3242893001409566668645501064105e-05
-8.9483939253301379951159588710397e-05
-8.5879829210057086284063609937789e-05
-8.2424813720506715907648809249508e-05
-7.9113065158290993804379720444331e-05
-7.5938653750223230817772979150959e-05
-7.2895551578237009109420552199765e-05
-6.9977597943735362316652892644697e-05
-6.7178487163735458296588698434704e-05
-6.449173383442962704560630360362e-05
-6.1910646543600594392947611410705e-05
-5.9428262932906195310008706789162e-05
-5.7037306093762359495216718308086e-05
-5.4730073828575427630216410079811e-05
-5.2498319499449586284824109672087e-05
-5.0333039170813850739661515776291e-05
-4.8224141477167455928885819727014e-05
-4.6159848227465544027222493772555e-05
-4.4126307778458010756816864983421e-05
-4.2099224942565467439802712190655e-05
-4.0078483494905900582847002588949e-05
-3.8255438126694001326616456637453e-05
-3.6640910798582375525710153052472e-05
-3.5224501174528615322478070082113e-05
-3.3995726024868312957916832717231e-05
-3.2944010146363934669368200847117e-05
-3.205868049110212407134049006352e-05
-3.1328952074850708881936095506759e-05
-3.0743921094912914505469653247971e-05
-3.0292547117596772615014805163369e-05
-2.9963641661334798209402954793923e-05
-2.9745849901780894438763427900518e-05
-2.9627628766319418927768086780006e-05
-2.9597225384090180107720877145105e-05
-2.9642645786191566267082572738722e-05
-2.9751621117069022322406887659518e-05
-2.9911563422589808233223104827481e-05
-3.0109510410751674563609170398593e-05
-3.0332053224593718665069025375303e-05
-3.0565242014688206821908939003762e-05
-3.079445169906910254736809307019e-05
-3.100419034145415617597860147292e-05
-3.1177801062633106867014870511312e-05
-3.1296966893374915017443649301043e-05
-3.134109603989431624060033043655e-05
-3.1284421469583240322034911606863e-05
-3.1094422123368050075824242650668e-05
-3.0894966553543073408891195263948e-05
-3.0713849060504604896598701557764e-05
-3.0550004291395307042498996619173e-05
-3.0402357572226058174923168930803e-05
-3.0269824396841154797496015183e-05
-3.0151307458871550533276856276288e-05
-3.0045697892754424864099338510215e-05
-2.9951871154826297238013901869103e-05
-2.9868687089230060995818233360311e-05
-2.9794986848789260124774694316052e-05
-2.9729589678396053936551904350871e-05
-2.9671291722413472603803175076109e-05
-2.9618859580998953170668033796353e-05
-2.957102699050737543194980472272e-05
-2.9526488593219446477863843192324e-05
-2.9483889937316224631562444624677e-05
-2.9441819347178525633585907672618e-05
-2.9398790144373350408362605135082e-05
-2.9353221099792789814232965572849e-05
-2.9303405020225220647999211931456e-05
-2.9247458400397203181174388131325e-05
-2.9183241283279809179761199455783e-05
-2.9108211805776801827608940564929e-05
-2.9019345874813491604690685043977e-05
-2.8910834515833944786868808796143e-05
-2.8784496043843168372466934101794e-05
-2.8689543298226973140618856206174e-05
-2.8627523774313846862023258399432e-05
-2.8595033114822421000788404965576e-05
-2.8588630375139143728179663694888e-05
-2.8604835243831390115655868844335e-05
-2.8640124899381910457494410104928e-05
-2.8690928480024934958203877699567e-05
-2.875362501359185016139123625134e-05
-2.8824536298486319802533012213175e-05
-2.8899922346076196137025851595759e-05
-2.8975974108227422999187888885686e-05
-2.9048806045361079381612531835621e-05
-2.9114447011476590542822587281968e-05
-2.9168828354012389848402483916168e-05
-2.92077726289365307947576422265e-05
-2.922697384658356849727878223888e-05
-2.9221980601503778934196001171308e-05
-2.9188164458216615912856256587204e-05
-2.9120687923270569479701139203875e-05
-2.90144482119004426697288917536e-05
-2.8864004723563337464001254950574e-05
-2.8663454318962245282072232033244e-05
-2.840622878247178341296931558535e-05
-2.8085077350295561179199799184403e-05
-2.7686559710925175896521072127499e-05
-2.7233362914593753947552559613321e-05
-2.6742439941630711646705295669868e-05
-2.6212961239595748875888872597706e-05
-2.5644025215947443744170589075004e-05
-2.5034651311694137022344913701133e-05
-2.4383762769305949308102504646811e-05
-2.3690180268124197675988495959132e-05
-2.295259863270712551554589286873e-05
-2.216956889066328684071219279339e-05
-2.1339472060447633479504311870834e-05
-2.0460486163224431453233967403982e-05
-1.9530543165264140678238219406282e-05
-1.854727754204195473079590239518e-05
-1.7507948569410797441149585385034e-05
-1.6409345631646917807247576526208e-05
-1.5247652392372784945764538355739e-05
-1.4018239852652782912009916949092e-05
-1.2715379551295438623030598090935e-05
-1.1331769608968063312807311726615e-05
-9.857758917562142551979306737131e-06
-8.2799358778659231967046033817681e-06
-6.5782653621307426121530767537671e-06
-4.719207862132715236873001241058e-06
-2.6332171866452785137762814676732e-06
-3.7704021843329663789594898217711e-12

