1868280907.6473796367645263671875
1083835335.591271877288818359375
530474587.88609874248504638671875
270861567.571904659271240234375
151267394.64095121622085571289062
91257137.421240046620368957519531
58611542.244020968675613403320312
39607394.891967117786407470703125
27879658.347046695649623870849609
20283071.839717768132686614990234
15170097.245116751641035079956055
11612306.543410116806626319885254
9064888.0618551019579172134399414
7195837.3111440101638436317443848
5796163.9492441425099968910217285
4729021.9212213670834898948669434
3902542.0085107446648180484771729
3253195.2510234499350190162658691
2736063.5617134389467537403106689
2319402.1552948248572647571563721
1980852.0060779270716011524200439
1702944.6746183368377387523651123
1472865.0062623426783829927444458
1280929.1985536334104835987091064
1119697.0603651634883135557174683
983392.28005213825963437557220459
867487.87701430218294262886047363
768406.7533891322091221809387207
683340.74167001689784228801727295
609830.29109500674530863761901855
545974.59860726294573396444320679
490275.93358504085335880517959595
441504.39356801821850240230560303
398644.03451087098801508545875549
360851.02574003586778417229652405
327420.91867123165866360068321228
297762.89889092068187892436981201
271379.47035192506154999136924744
247850.17248817239305935800075531
226821.93994802443194203078746796
207995.27685409632977098226547241
191053.26115478784777224063873291
175768.61141537872026674449443817
161951.62022596420138143002986908
149437.96600475296145305037498474
138084.95228022502851672470569611
127768.43078265899384859949350357
118380.21510414006479550153017044
109827.24993437535886187106370926
102028.50078842052607797086238861
94888.252051657545962370932102203
88339.717706319017452187836170197
82326.404650833981577306985855103
76798.263913832430262118577957153
71710.946805225481512024998664856
67025.058017240327899344265460968
62707.910578434151830151677131653
58722.615704854506475385278463364
55033.240012878530251327902078629
51615.166989399513113312423229218
48446.359270247296080924570560455
45507.136736974054656457155942917
42780.038928788693738169968128204
40251.560194818099262192845344543
37898.816361758908897172659635544
35704.993286571989301592111587524
33657.588889554550405591726303101
31745.240666669255006127059459686
29957.607966926621884340420365334
28285.267910639508045278489589691
26719.62319473849493078887462616
25252.82030116641544736921787262
23877.676829660893417894840240479
22587.616824711811204906553030014
21376.613168479998421389609575272
20239.136176509433425962924957275
19170.107720834770589135587215424
18164.860220356928039109334349632
17219.100016555250476812943816185
16328.874658581164112547412514687
15490.543746256547819939441978931
14700.7530614130628237035125494
13956.411802917418754077516496181
13254.672918425871102954261004925
12592.916759997264307457953691483
11968.73879762514661706518381834
11379.943199718441974255256354809
10824.545866594644394353963434696
10300.747844910607454949058592319
9807.6250184661093953764066100121
9341.5217336288369551766663789749
8899.2318454798933089477941393852
8479.3637358466075966134667396545
8080.6199280566524976165965199471
7701.7898663716005103196948766708
7341.7433176506856398191303014755
6999.4243334478687756927683949471
6673.8457275742703131982125341892
6364.0840089498815359547734260559
6069.2747422378406554344110190868
5788.6082829468268755590543150902
5521.3258685250948474276810884476
5266.7160175210583474836312234402
5024.1112243884836061624810099602
4792.8849142421131546143442392349
4572.4486412443438894115388393402
4362.2495082147761422675102949142
4161.7677879616139762219972908497
3970.5147326720789351384155452251
3788.0305567998711921973153948784
3613.8825768673605125513859093189
3447.6635064361371405539102852345
3288.9898818631772883236408233643
3137.5006315421369436080567538738
2992.8557624665509138139896094799
2854.7351789844178711064159870148
2722.8376262992887859581969678402
2596.8797654962945671286433935165
2476.5954005042794960900209844112
2361.7348828679250800632871687412
2252.0647480112011180608533322811
2147.3676948386282674618996679783
2047.4431074617423291783779859543
1952.1085738990295794792473316193
1861.2032918807053647469729185104
1774.5841662761304178275167942047
1692.2780016490469279233366250992
1613.7005050199486504425294697285
1538.2594742892952126567251980305
1465.8219626182044521556235849857
1396.261688181319186696782708168
1329.4586639276758432970382273197
1265.2988555148349405499175190926
1203.6738586089213640661910176277
1144.4805992073906963923946022987
1087.621053850940370466560125351
1033.0019896783405783935450017452
980.53472159404736885335296392441
930.13488737838270026259124279022
881.72224013584491331130266189575
835.2204572812192964192945510149
790.55696576848004042403772473335
747.66278584401152329519391059875
706.4723915413997019641101360321
666.92359323025721096200868487358
628.95744259832918032770976424217
592.51816507679814094444736838341
557.55313432094044401310384273529
524.01289438763114958419464528561
491.85126430357740900944918394089
461.02557392645712752710096538067
431.4971309198836024734191596508
403.23214248958993266569450497627
376.20223752618903745315037667751
350.40000931767235670122317969799
325.79982882757258266792632639408
302.1395225299656885908916592598
279.36455803511216799961403012276
257.44323000052690986194647848606
236.34521263274564262246713042259
216.04150160162407701136544346809
196.50435526447063239174894988537
177.70724621574527191114611923695
159.62481088995900790905579924583
142.23280769753819186007604002953
125.50807667659091748646460473537
109.42850588434885139577090740204
93.973001650140759011264890432358
79.121466733039142127381637692451
64.854783721346393576823174953461
51.154812128997946274466812610626
38.004394340258386364439502358437
25.387387635837512789294123649597
13.288720438114978605881333351135
1.6945072904845801531337201595306
-9.407746392066201224224641919136
-20.028752140775850421050563454628
-30.177268660250774701125919818878
-39.852895799212546990020200610161
-49.068475207603569288039579987526
-57.929341284146175894420593976974
-66.453173314971081708790734410286
-74.650048328933962693554349243641
-82.529623807891539399861358106136
-90.101149293306434628902934491634
-97.373475218321345892036333680153
-104.35506258080567931756377220154
-111.05398727213491838483605533838
-117.47794499838278170500416308641
-123.63425023413742565026041120291
-129.52983217488304035214241594076
-135.17122604343080638500396162271
-140.564553164129165452322922647
-145.71549396003047149861231446266
-150.62923704056106544157955795527
-155.31040216642509221856016665697
-159.76290288639688697003293782473
-163.98970489691396323905792087317
-167.99261385180193428823258727789
-171.76938145848703243245836347342
-175.31790136245672329096123576164
-178.70119974928434203320648521185
-181.93212557997958356281742453575
-185.0155403711157759971683844924
-187.95612718363531712384428828955
-190.75839557098311161098536103964
-193.42668854224075403180904686451
-195.96518862735570110089611262083
-198.37792392104142891184892505407
-200.66877216927264271362219005823
-202.84146730428210503305308520794
-204.89960293233457377937156707048
-206.84663839585869027359876781702
-208.6859006650497576629277318716
-210.42059095552235703507903963327
-212.05378630705558862246107310057
-213.58844295360427167906891554594
-215.02740085768823519174475222826
-216.37338445556679289438761770725
-217.62900550111680786358192563057
-218.79676500304117325867991894484
-219.87905448958622400823514908552
-220.87815553016525882412679493427
-221.79624091691039211582392454147
-222.63537260562543451669625937939
-223.39749977877181663643568754196
-224.08445486779135080723790451884
-224.69794759508442894002655521035
-225.23955579283312999905319884419
-225.71071198936533619416877627373
-226.1126828293878361364477314055
-226.44653852560202267341082915664
-226.7131014655524268164299428463
-226.91286088613094307220308110118
-227.04581543224526285484898835421
-227.11152837767258461099117994308
-227.10451758731767313292948529124
-227.03722407894781554205110296607
-226.9355529402860156551469117403
-226.80073527117065168567933142185
-226.63383810494349290820537135005
-226.43589041952827756176702678204
-226.20788457386413483618525788188
-225.95077763845733898051548749208
-225.66549209699564926268067210913
-225.35291744740084141085390001535
-225.01391097556518161582062020898
-224.64929837074532770202495157719
-224.25987564076274338731309399009
-223.84640908558719729626318439841
-223.4096363162121861023479141295
-222.9502673235855354505474679172
-222.46898535208129032980650663376
-221.96644652239388051384594291449
-221.44328203064765148155856877565
-220.90009758465430422802455723286
-220.33747427110620265011675655842
-219.75596915183791679737623780966
-219.15611570911732997046783566475
-218.53842356537666091753635555506
-217.90337969500706094549968838692
-217.25144849514492761954898014665
-216.5830704684560714667895808816
-215.89866483754644832515623420477
-215.19862660324645275977673009038
-214.48332889517007515678415074944
-213.75312037901949224760755896568
-213.0083264233436466383864171803
-212.24924719981174803251633420587
-211.47615674939368091145297512412
-210.68930218787329522456275299191
-209.8889005424847482572658918798
-209.07513707053840334992855787277
-208.2481615369628116241074167192
-207.40808273332504541031084954739
-206.5549623168511743642739020288
-205.68880493250372865077224560082
-204.80954424520245993335265666246
-203.9170200168447877331345807761
-203.01094224402652343997033312917
-202.0908253219595849259349051863
-201.15596662887475076786358840764
-200.20418597850198239029850810766
-199.23682910524007638741750270128
-198.26783990364259580019279383123
-197.29811357270841654099058359861
-196.3278337983553001322434283793
-195.35717682694809127497137524188
-194.38631130754322384746046736836
-193.41539928950436433296999894083
-192.44459554854580574101419188082
-191.47404817491189987777033820748
-190.50389913663337893012794665992
-189.53428387512559538663481362164
-188.56533206168359129151212982833
-187.59716711673053168851765803993
-186.62990720883857420631102286279
-185.66366502171314323277329094708
-184.69854737345627881950349546969
-183.73465668424034902272978797555
-182.7720898215050624457944650203
-181.81093901064434703584993258119
-180.85129155088657171290833503008
-179.89323062814747800075565464795
-178.93683432744438732697744853795
-177.98217699977243455577990971506
-177.02932833211013985419413074851
-176.07835419428511158912442624569
-175.12931610696267625826294533908
-174.1822721537085953968926332891
-173.23727597642363207341986708343
-172.29437797418444233699119649827
-171.35362478990623458230402320623
-170.41505894521969821653328835964
-169.47872025495280468021519482136
-168.54464409487121656638919375837
-167.61286341557882906272425316274
-166.68340676663649446709314361215
-165.75629986926895753640565089881
-164.83156479307814379353658296168
-163.90922047462987620747298933566
-162.98928209131815947330323979259
-162.07176180208153937201132066548
-161.15666793915613652643514797091
-160.24400545091043568390887230635
-159.33377579434119297729921527207
-158.42597634983644638850819319487
-157.52060105494376784918131306767
-156.61763941447037495890981517732
-155.71707711962102393954410217702
-154.81889463119779293265310116112
-153.92306829635990084170771297067
-153.02956859652496746093675028533
-152.1383604827364024458802305162
-151.24940209725278350560984108597
-150.3626444549821030705061275512
-149.47802970950129974880837835371
-148.59549043368537013520835898817
-147.71494659788956482771027367562
-146.83630375100634068985527846962
-145.95944825607796246913494542241
-145.08424179081907823274377733469
-144.21051124372050367128395009786
-143.33803276819935490493662655354
-142.46650379333362934630713425577
-141.59554337617802843851677607745
-140.72373624612978915138228330761
-139.85512598559020602806413080543
-138.99211985459677975995873566717
-138.13466949766743141481128986925
-137.28272588758076722115220036358
-136.43624046021039930565166287124
-135.59516420324553109821863472462
-134.75944815618416328106832224876
-133.92904305880895776681427378207
-133.10389987181727633469563443214
-132.28396928198330328996235039085
-131.46920187471411622937011998147
-130.65954823485870406329922843724
-129.85495883139211059642548207194
-129.05538397196065147909393999726
-128.26077398967430553966551087797
-127.47107891845331550939590670168
-126.68624900535775168464169837534
-125.90623398974784663550963159651
-125.13098384381672190102108288556
-124.36044786097005498959333635867
-123.5945760199267624557251110673
-122.83331727619810180840431712568
-122.07662088272718392545357346535
-121.32443564108487521480128634721
-120.57671022721277154232666362077
-119.83339291295820316918252501637
-119.09443188617791520300670526922
-118.35977465036069133930141106248
-117.62936852922535990728647448123
-116.90316031732632495732104871422
-116.18109645714338284960831515491
-115.46312247949765605881111696362
-114.74918358821858532792248297483
-114.03922396508059478037466760725
-113.33318727530667047176393680274
-112.63101585208593746756378095597
-111.93265110300131937037804163992
-111.23803315614767939223384018987
-110.54710058565680697029165457934
-109.85979032000261668144958093762
-109.17603712944051608246809337288
-108.49577338512213486865221057087
-107.81892878357160725499852560461
-107.14542920088547361956443637609
-106.47519656757364714394498150796
-105.80814722465754584845853969455
-105.14419093696383811220584902912
-104.48322826944936991822032723576
-103.82514795370124716100690420717
-103.1698209597406474813396926038
-102.51709201266989168743748450652
-101.86677224554495069241966120899
-101.21852074482954719769622897729
-100.57216865025917229559127008542
-99.929890469183504819739027880132
-99.291898527432593368757807184011
-98.658164865682650201961223501712
-98.028661562468585088936379179358
-97.403360433274670526770933065563
-96.782233685691664959449553862214
-96.165253292762670866977714467794
-95.552391423420374394481768831611
-94.943620123904437946293910499662
-94.338911738519257710322563070804
-93.738238405998316693512606434524
-93.14157242565831040792545536533
-92.548886165564638872638170141727
-91.960151983432311340038722846657
-91.37534240125994244863250060007
-90.794429967151742744135844986886
-90.217387220274929404695285484195
-89.644186869922421578849025536329
-89.07480163124137106933631002903
-88.50920449073296936148835811764
-87.947368072026733898383099585772
-87.389265658765353350645455066115
-86.834870073188923811358108650893
-86.284154634280852746996970381588
-85.737092572287266989405907224864
-85.193657094446862743097881320864
-84.653821780497750637550780083984
-84.117560028793690207749023102224
-83.584845553385846983474039006978
-83.055651845172420166818483266979
-82.529952956760041615780210122466
-82.007722555355755389427940826863
-81.488934770120934558690350968391
-80.973563635945367877866374328732
-80.46158324751236534666531952098
-79.952967997463119331769121345133
-79.447692048210086568360566161573
-78.94573014998039184320077765733
-78.44705652018994612717506242916
-77.951646069863741672634205315262
-77.459473391415158971540222410113
-76.970513357425218714524817187339
-76.484740854179648295030347071588
-76.002130861566172370658023282886
-75.522658636644806051663181278855
-75.046299159754184415760391857475
-74.57302777802469506696070311591
-74.102819860191587508779775816947
-73.635650718451501006711623631418
-73.171496022964689132095372769982
-72.710331167600571689035859890282
-72.252131906700171271040744613856
-71.796873860110352438823611009866
-71.344532856993964742287062108517
-70.895084635017681762292340863496
-70.448505130732641532631532754749
-70.004770191363078879476233851165
-69.563855829100859295976988505572
-69.125737908290389555077126715332
-68.690392490296659389059641398489
-68.257795623149050356914813164622
-67.827923222930948554676433559507
-67.400751332220266931471996940672
-66.976255870190271934916381724179
-66.554412883138581946695921942592
-66.13519814815404629371187184006
-65.718587496793446689480333589017
-65.304556633462254922051215544343
-64.893081201739036600883991923183
-64.48413664192622718474012799561
-64.077698176421435505289991851896
-63.673740943393461577670677797869
-63.272239691275785844482015818357
-62.873168887107425462090759538114
-62.47650269386357990697433706373
-62.082214736944273170138330897316
-61.69027814211173676994803827256
-61.300665344673220147342362906784
-60.913347986079713791696121916175
-60.52829667087328857633110601455
-60.145480767821617007484746864066
-59.764868046144634661231975769624
-59.386424199592127592950419057161
-59.010112099176026845270826015621
-58.63589072077904518209834350273
-58.263713460981470859678665874526
-57.893524912752148736672097584233
-57.525259633183068785911018494517
-57.158782924557563376311009051278
-56.794148408143463768738001817837
-56.432064032937041986315307440236
-56.072546477664239716887095710263
-55.715573668395343531756225274876
-55.361123655253919650931493379176
-55.009174777153823754360928433016
-54.659705401027053994766902178526
-54.312694196883938957398640923202
-53.968119945761330313871440012008
-53.625961670444965534443326760083
-53.286198452568378058913367567584
-52.948809670202102495295548578724
-52.613774755918385039876739028841
-52.28107336936187010678622755222
-51.950685335346179272164590656757
-51.622590615031086258568393532187
-51.296769328373798657594306860119
-50.973201833901001123194873798639
-50.651868445410762831215834012255
-50.332749920199340465387649601325
-50.015826848348680755407258402556
-49.701080287426002257689106045291
-49.388491102356638862147519830614
-49.078040659678066504056914709508
-48.769710127294352730586979305372
-48.463481136652347913695848546922
-48.159335155106326453733345260844
-47.857254016374945138068142114207
-47.557219536381666102897725068033
-47.259213774980601385777845280245
-46.963218833657357720312575111166
-46.669216990676446243924146983773
-46.37719056540231576946098357439
-46.087122172262830588351789629087
-45.798994349279688265141885494813
-45.512789849378521012113196775317
-45.228491501574382027683896012604
-44.946082270751581688728037988767
-44.665545215641429876995971426368
-44.386863493258395862994802882895
-44.110020339039934356151206884533
-43.834999081505948481662926496938
-43.561783252797503962483460782096
-43.290356224745927704589121276513
-43.020701672140639004737749928609
-42.752803301268990310290973866358
-42.486644776272150636486912844703
-42.222209944656924562877975404263
-41.95948266049679631350954878144
-41.69844682436507099509981344454
-41.43908637837462549668998690322
-41.181385312903174167331599164754
-40.925327658359620386363530997187
-40.670897417665770490202703513205
-40.418078539289012951485347002745
-40.166855198192713771732087479904
-39.917211158908301626979664433748
-39.669130532512909326214867178351
-39.422597080105163058760808780789
-39.17759461471309379021477070637
-38.934106757348402538809750694782
-38.692117074832744094692316139117
-38.451608781856066343607380986214
-38.21256503905594570369430584833
-37.974968511171212526278395671397
-37.738801620411976500690798275173
-37.504046192914863411260739667341
-37.270683550105800918572640512139
-37.038694079429703265304851811379
-36.808057191774054217603406868875
-36.578750779670571091628517024219
-36.350750720572023055865429341793
-36.12402983966180869401796371676
-35.898556164912498900321224937215
-35.674293551077468578114348929375
-35.451148421106985608730610692874
-35.229274559212285566900391131639
-35.008944531518629617039550794289
-34.790145337841337891404691617936
-34.572863485922795234728255309165
-34.357085772748959584532713051885
-34.142798988650433500424696831033
-33.92999006373609915954148164019
-33.718645987625635029871773440391
-33.508753990571150893629237543792
-33.300301293058282681158743798733
-33.09327518863160833006986649707
-32.887663237977321273319830652326
-32.683452903302395498030818998814
-32.480631901603679523304890608415
-32.27918793269560637781978584826
-32.079108868379805130643944721669
-31.880382640960494455839580041356
-31.682997301307729287600523093715
-31.486940940136534550219948869199
-31.292201790773638947484869277105
-31.098768134793104422897158656269
-30.906628344002875508067518239841
-30.715770940637550978635772480629
-30.526184389803741936475489637814
-30.337857372971630098845707834698
-30.150778586430408978458217461593
-29.96493680626257116728083929047
-29.780320871411955607754862285219
-29.59691972323255271248854114674
-29.414722343717272678986773826182
-29.233717775449139963939160224982
-29.053895195536224349552867352031
-28.875243728479222937721715425141
-28.697752636618382382494019111618
-28.521411247795292354112461907789
-28.346208837852298501047698664479
-28.172134914275563488672560197301
-27.999178787564542147947577177547
-27.827330039765207914115308085456
-27.65657818188708105822115612682
-27.486912703857022677311761071905
-27.318323262821483154993984499015
-27.150799396680341146748105529696
-26.984330753105034261807304574177
-26.818906933000622672125246026553
-26.654517565844397353203021339141
-26.491152312070727958825955283828
-26.328800653895658712144722812809
-26.167452259426106309092574520037
-26.007096576082769701088182046078
-25.847723084235912693884529289789
-25.689321159615019496413879096508
-25.531880044151847641842323355377
-25.375388904934176537153689423576
-25.219836710162869763962589786388
-25.065212199398708037278993288055
-24.911503953884864159817880135961
-24.758700061177229656550480285659
-24.60678833866785453210468403995
-24.455755948310834213543785153888
-24.305589437692113108369085239246
-24.156274219461238317308016121387
-24.007794420624918529938440769911
-23.860131918566107600554460077547
-23.713265400539778937627488630824
-23.56716981440488112298226042185
-23.421778087618854158336034743115
-23.277277365463952207846887176856
-23.13376549799730952372556203045
-22.991234025411941388483683113009
-22.849674738593854783630376914516
-22.70907926445980606899865961168
-22.569439482118838213864364661276
-22.430747226064568167203105986118
-22.292994466579735046707355650142
-22.156173166099250693150679580867
-22.020275448660576955717260716483
-21.885293413029245357392937876284
-21.751219252817477922690159175545
-21.618045251188604538583604153246
-21.48576370562362214400309312623
-21.354366986528752647700457600877
-21.22384754442232690507808001712
-21.094197887767716537155138212256
-20.965410541935966648452449589968
-20.837478147390289251461581443436
-20.710393343728767945322033483535
-20.584148869272404169805668061599
-20.458737470005797121075374889188
-20.334152007885997193170624086633
-20.210385340040193824506786768325
-20.087430389412588738196063786745
-19.96528017632617491017299471423
-19.843927688242004592211742419749
-19.723365995319142029984504915774
-19.603588281905238943636504700407
-19.484587638358295436091793817468
-19.366357331863824242645932827145
-19.24889060551540609367293654941
-19.132180769908799788936448749155
-19.01622115416265756948632770218
-18.901005128828973766985654947348
-18.78652613338914534324430860579
-18.672777635058494638542470056564
-18.55975310956563362196902744472
-18.447446062748824147092818748206
-18.335850130257238532749397563748
-18.22495881974739262432194664143
-18.114765804152106909441499738023
-18.005264703869574560712862876244
-17.896449211022172676166519522667
-17.78831299991344394584302790463
-17.680849817640321930412028450519
-17.574053375795834597283828770742
-17.46791743974874577816081000492
-17.362435745033188538855029037222
-17.257602096039761363499565050006
-17.153410246545227835213154321536
-17.049853948242109424882073653862
-16.946927031746611191920237615705
-16.844623198549463438666862202808
-16.74293623022410315570596139878
-16.641859812761648385048829368316
-16.54138767325030201504887372721
-16.441513439328744539125182200223
-16.342230687986347703599676606245
-16.243532963817852277088604751043
-16.145413735161767476711247581989
-16.047866308963030235190672101453
-15.950883920497568979612879047636
-15.854459624066652878582317498513
-15.758586309517166768046081415378
-15.663256550322682159048781613819
-15.568462671878890546395268756896
-15.474196557974682519898124155588
-15.38044954600740688022142421687
-15.28721218838412454488207004033
-15.194473941762229429741637432016
-15.102222570283881708519402309321
-15.010443601084521247912562103011
-14.91911319854096440451485250378
-14.828217548682857795938616618514
-14.737919688253589001192267460283
-14.648235484002775308454147307202
-14.559159557510886529030358360615
-14.47068650162269065617692831438
-14.382811124672532088197840494104
-14.29552807316600748777091212105
-14.208832190122853589286933129188
-14.122718247000129565549286780879
-14.037181158508026612707908498123
-13.95221577799097900651759118773
-13.867817043395410436801284959074
-13.783979965967642300483930739574
-13.700699492800897161259854328819
-13.617970716463990044076126650907
-13.535788711093678315933175326791
-13.454148540257513388951338129118
-13.373045432315507241582963615656
-13.292474469968613703940718551166
-13.212430965804291105314405285753
-13.132910058333981950795532611664
-13.053907110778389721872372319922
-12.975417363046862107012202613987
-12.897436209525810824061409221031
-12.819958934662942340310110012069
-12.742980998540925696715930826031
-12.666497773758731426596568780951
-12.590504715026927584631266654469
-12.514997303343442069945012917742
-12.439971004498175943808746524155
-12.365421334373591477628906432074
-12.291343877355263458639456075616
-12.217734122768359128485826659016
-12.144587681701702663872310949955
-12.071900142449894843821311951615
-11.999667128662805382077749527525
-11.927884258189193289467766589951
-11.856547175036791230695598642342
-11.785651516060344334846377023496
-11.715193002015578116470351233147
-11.645167234605285244697370217182
-11.57556995228739538106310646981
-11.506396809672065018048670026474
-11.437643494669853083678390248679
-11.369305729325969167575749452226
-11.301379126138769493081781547517
-11.23385941495737583295522199478
-11.166742242348602687229686125647
-11.100023226734359482748004666064
-11.033698021231337804692884674296
-10.967762195055163587653623835649
-10.902211308324911698264259030111
-10.837040876716688586611780920066
-10.772246354959056802158556820359
-10.707823100869818588876114517916
-10.643766457024035787526372587308
-10.580071601132409853107674280182
-10.516733611081072297110949875787
-10.453747364435505673441184626427
-10.391107627020987891341974318493
-10.328808795871989190118256374262
-10.266845027250052879708164255135
-10.205209941088931202557432698086
-10.143896545105473450121280620806
-10.082896887502615257403704163153
-10.022201448461890649355154891964
-9.9617995271981847338338411645964
-9.9016600294513601454582385485992
-9.8418580995644262543464719783515
-9.782456059199589049057976808399
-9.7234504235091065993401571176946
-9.6648376548606229619053920032457
-9.6066143305549722697378456359729
-9.5487769492501133328232754138298
-9.4913221359016990419377179932781
-9.4342464624580202325887512415648
-9.3775465592525222291442332789302
-9.3212190784017394662441802211106
-9.2652606695636805511639977339655
-9.2096680445448360075033633620478
-9.1544379014162622354433551663533
-9.0995669607338172113486507441849
-9.0450519804165061543699266621843
-8.9908897360654798092127748532221
-8.9370770138405539739778760122135
-8.8836106122103934978895267704502
-8.8304873741563252309560994035564
-8.7777041242012341371037109638564
-8.7252577239229971439726796234027
-8.6731450696629526220249317702837
-8.6213630271502257329530038987286
-8.5699085280749063286975797382183
-8.5187784651973181837547599570826
-8.467969816626192525177430070471
-8.4174794825164269695960683748126
-8.3673044628159587432492116931826
-8.3174416916821947154403460444883
-8.2678881919671152189721397007816
-8.2186409262827808674956031609327
-8.1696969071484044633280063862912
-8.1210531340043257131355858291499
-8.0727066199347508046457733144052
-8.024654395155597086386478622444
-7.9768934690306876333920627075713
-7.929420861583736268585198558867
-7.8822336005170807737840732443146
-7.8353287152747181920631192042492
-7.7887031976632492558110243408009
-7.7423540692655397066346267820336
-7.6962783284084430590610281797126
-7.6504729632494274937926093116403
-7.6049349416457889816456372500397
-7.5596611976807128741029373486526
-7.5146486641216831969813938485458
-7.4698942261827649957695030025207
-7.4253947275003575612117856508121
-7.381146974736322974308677657973
-7.3371477196666265996327638276853
-7.2933936032241195590586357866414
-7.249881239415419287297481787391
-7.2066070695607926666070852661505
-7.1635674465792291698562621604651
-7.1207585233391483825471368618309
-7.0781762150246674281106606940739
-7.0358161294773822191928047686815
-6.9936734479152438126448032562621
-6.9517426803927317990883238962851
-6.9100173142841123663515645603184
-6.8684900414780898358912963885814
-6.8271401029533755888678570045158
-6.786013556773392352283735817764
-6.7451584339500776366094214608893
-6.7045723285051028739189860061742
-6.6642528463587247244959144154564
-6.6241976216245124220449724816717
-6.5844042869472527712559895007871
-6.5448704992015009906936029437929
-6.5055939057599907471285405335948
-6.4665722323988497066693525994197
-6.4278031221108129500407812884077
-6.3892843226335465089960052864626
-6.3510135202313549029895511921495
-6.3129884777618663349585403921083
-6.2752069224738313835132430540398
-6.2376666177989115169566503027454
-6.2003653288041640223582362523302
-6.163300833864008509976883942727
-6.1264709253001594646548255695961
-6.0898733982051336255381102091633
-6.0535060646417786500705915386789
-6.0173667442023672791151511773933
-5.9814532615422670858151832362637
-5.9457634528149743147196204517968
-5.9102951471092151081165866344236
-5.8750462358406991825177101418376
-5.840014512772871313472933252342
-5.8051978876421781450289927306585
-5.7705942089934350036628529778682
-5.7362013419241870693099372147117
-5.7020171742180796314869439811446
-5.6680395665795515469653764739633
-5.6342663943925117564504034817219
-5.600695549121563310279725556029
-5.5673248956297678446958343556616
-5.534152299313479517195446533151
-5.501175640110964160101048037177
-5.4683927696312402133571595186368
-5.4358015412833662338698559324257
-5.4033997906810853351089463103563
-5.3711853691765458762574780848809
-5.3391560556605224263648779015057
-5.3073096603568465923217445379123
-5.2756439473950687002457016205881
-5.2441566452783634488810093898792
-5.2128454549001315143641477334313
-5.1817080318232990876481380837504
-5.150741970516182988149012089707
-5.1199448154898608009943927754648
-5.0893140027642278511166296084411
-5.0588468797502050833259090723004
-5.0285406720394982826860541536007
-4.9983923870560618141212216869462
-4.9683988411958557307457340357359
-4.9385564814897460195197709253989
-4.9088612532933124654732637281995
-4.879308347643564580664587992942
-4.8498917448876781577382644172758
-4.8205977474669232663018192397431
-4.7914756292411757598870281071868
-4.7625431044918231648921391752083
-4.7337985049351205546486198727507
-4.7052401384604811696021897660103
-4.676866362970890200756457488751
-4.6486755121850409366857093118597
-4.6206659525733453364182423683815
-4.5928360420353353532618712051772
-4.5651841383991058620495095965452
-4.5377086613062367348447878612205
-4.5104079518748498855984507827088
-4.4832804495222919882735368446447
-4.4563245215202611504423657606822
-4.4295386096257418628852065012325
-4.4029211011138364995076699415222
-4.3764704424178306751969103061128
-4.3501850502016585764408773684409
-4.3240633686850804551227156480309
-4.2981038358847429847742205311079
-4.2723048929613112179026757075917
-4.2466649856225870962589397095144
-4.2211825835037481979838958068285
-4.1958561312787585606542961613741
-4.1706840951516905846574445604347
-4.1456649332969872645549003209453
-4.1207971233962030765951567445882
-4.0960791080060960922537560691126
-4.0715093786441496348516011494212
-4.0470863842531485943254665471613
-4.022808595848414547901938931318
-3.9986744748644218461208765802439
-3.9746824806958240827725603594445
-3.9508310667763204548919020453468
-3.9271186796425507914420904853614
-3.9035437571535331890970610402292
-3.8801047292684662792794370034244
-3.8568000264129249643474395270459
-3.833628029974019746362046134891
-3.8105871440191405596920048992615
-3.7876757189373249090635908942204
-3.7648921138622077897650797240203
-3.742234603462126329986858763732
-3.7197014953441183138238557148725
-3.6972909826149407130913004948525
-3.6750012442947026514161734667141
-3.6528303832707291753933986910852
-3.6307763878507142152329834061675
-3.6088371486259434028909254266182
-3.5870103898392020624896758818068
-3.5652936229604210716104262246517
-3.5436840036855334901133574021515
-3.5221781898416302247767362132436
-3.5007724167810896354069427616196
-3.4794561711818658977790619246662
-3.4582532678717736729367970838211
-3.4371879555095210534432226268109
-3.4162590070251956930746928264853
-3.3954651786217286968394546420313
-3.3748052579986662635747052263469
-3.3542780097056450472337019164115
-3.3338822266274865668833626841661
-3.3136166945878691159066420368617
-3.2934802221357264429002498218324
-3.2734715904014972664981542038731
-3.2535896218913018529406144807581
-3.2338331155804604932768597791437
-3.214200899553658619112184169353
-3.1946917765494013963234465336427
-3.1753045821557179806404747068882
-3.1560381374559423051096018753015
-3.136891273580912020690902863862
-3.1178628255034213090368666598806
-3.0989516259907867734568753803615
-3.0801565155791146288777326844865
-3.0614763342462483208805679169018
-3.0429099209731664821276808652328
-3.0244561234740725552683215937577
-3.0061137775935518057224271615269
-2.9878817356442910480041064147372
-2.9697588338162392851415916084079
-2.9517439172630277610664961684961
-2.9338358234949168945604469627142
-2.9160333933154984897839767654659
-2.8983354585197145247832395398291
-2.8807408387257384951851690857438
-2.8632483766215446330249960738001
-2.8458568702432418540126946027158
-2.8285651308166919193354260642081
-2.8113719619538195537700175918872
-2.7942761366424302416078262467636
-2.7772764279656341201985014777165
-2.7603715871403990966825858777156
-2.7435603457488619838500198966358
-2.7268413935129318659278396808077
-2.7102134082665632064390592859127
-2.6936750182184807655971781059634
-2.6772248050599740665234094194602
-2.6608612811703999945223131362582
-2.6445828814545819795966963283718
-2.6283879477650655687170910823625
-2.6122746512523771222902269073529
-2.5962409696001982339907954155933
-2.5802845411804318231929755711462
-2.5644026490559301834082361892797
-2.5485899478867279910332399595063
-2.5328497887398890853205557505134
-2.5172092875176619308774661476491
-2.5016688320949329593645416025538
-2.4862275516164116240247494715732
-2.4708845504186598418527864851058
-2.4556389765441100081488912110217
-2.4404899447419170499529172957409
-2.425436591329734437039178374107
-2.4104780680577078122439615981421
-2.3956134933372532636042251397157
-2.3808420275553108247379441309022
-2.3661628106473462374026439647423
-2.3515749867418027641008393402444
-2.3370777179875310558543333172565
-2.3226701494515666901463646354387
-2.308351437181700660516980860848
-2.2941207426617120646028524788562
-2.2799772170017442718403799517546
-2.2659200266942072232723148772493
-2.2519483316454200760858839203138
-2.2380612881025907512366757146083
-2.2242580618078995335906711261487
-2.2105378183761605903612235124456
-2.1968997033973192145595021429472
-2.1833428900054721033541227370733
-2.1698665389171321038475070963614
-2.1564697865982993540967527223984
-2.1431518080854399244117303169332
-2.1299117356272270207284691423411
-2.1167487142557313006818731082603
-2.1036618986840975864538449968677
-2.0906504000421231026507484784815
-2.0777133606768107831896941206651
-2.0648498778921142715603309625294
-2.0520590657017492297597982542356
-2.0393400010836364444344326329883
-2.0266917634170038553520498680882
-2.014113400889506078073054595734
-2.0016039386598425409147239406593
-1.9891623715606192579485878013656
-1.9767876562999560086097972089192
-1.9644786900083621716817106062081
-1.952234334066955678821386754862
-1.9400533372659101161161743220873
-1.9279343332160685520193510456011
-1.9158758024495832206213208337431
-1.9038759314616102713557665992994
-1.891932672388292546727939225093
-1.8800408470136040772757723971154
-1.8682099556015794306063071417157
-1.8564566559786692678812869417015
-1.8447802465181564190999097263557
-1.8331799865278988193040277110413
-1.8216551676206191867635197922937
-1.8102050551261372746125744015444
-1.7988289308607581240551098744618
-1.7875260783134003794714317336911
-1.7762957741346538931281884288182
-1.7651373076552110408243834172026
-1.7540499654100094595321479573613
-1.7430330358471062268677087558899
-1.7320858113348114315499515214469
-1.7212075778543725057545543677406
-1.7103976318700881975587435590569
-1.6996552614415323390062440012116
-1.6889797676379185720207942722482
-1.6783704402200929628463654808002
-1.6678265731783434855373116079136
-1.6573474569894828256622076878557
-1.6469323906927764156193916278426
-1.6365806643582385682123003789457
-1.6262915667796224994390286155976
-1.616064386132417540764549812593
-1.6058984096662389795540093473392
-1.595792922619001963369100849377
-1.5857472014293809703389115384198
-1.5757605168020674124562674478511
-1.5658321485901145475594375966466
-1.5559613499473905484649094432825
-1.546147381128821551854457538866
-1.5363894835197822175132387201302
-1.5266868994693592043176977313124
-1.5170388442456408384373389708344
-1.5074445312932800433713964594062
-1.4979031429039126877000853710342
-1.4884138489240750224951170821441
-1.4789757868271236063151263806503
-1.4695880593622034915313179226359
-1.4602497274963439632955441993545
-1.4509597937574643111702243913896
-1.4417171793414949032552385688177
-1.432520708868108894051829338423
-1.4233690260628113488650114959455
-1.4142605535989432041787949856371
-1.4051932824177317815639298714814
-1.3961631258755522466685761173721
-1.3871859545237246180704460130073
-1.3782667863788591322560250773677
-1.3694051108648772618892053287709
-1.3606003963854524929644185249344
-1.3518521348982475149824722393532
-1.3431598026622104669058899162337
-1.334522890652937388011878283578
-1.3259408820418441266042464121711
-1.3174132655707411210244117683033
-1.3089395275246729077878171665361
-1.3005191634971675629373066840344
-1.2921516539854935867737140142708
-1.2838365018510498050119394974899
-1.2755731927732025798860604481888
-1.2673612160046330288309945899528
-1.2592000708628943161926372340531
-1.2510892416442738195314632321242
-1.2430282285201088576798156282166
-1.2350165158451726910016077454202
-1.2270535970337892450743311201222
-1.219138962377623425226147446665
-1.2112720967042038822114591312129
-1.2034524912199437984838823467726
-1.1956796204534592131807357873186
-1.187952975359191531978808598069
-1.1802720274055904514654002923635
-1.1726362521279110051608540743473
-1.1650451162377721825436083236127
-1.1574980834956212216724225072539
-1.1499946118380433013328456581803
-1.1425341439834753032300795894116
-1.1351161219936267698926712910179
-1.1277399719424896495922894246178
-1.1204051040734577249224912520731
-1.1131109155632403773239502697834
-1.1058567756392612135840636256034
-1.0986420344992215980539640440838
-1.0914660046727147069134389312239
-1.0843279484475438767532295969431
-1.0772270719867116373080762059544
-1.0701624892208279060668019155855
-1.0631331741757679143489667694666
-1.0561379346933061906810280561331
-1.0491747658550787392073289083783
-1.0422431954860564840004144571139
-1.0353564696857990856670994617161
-1.0285155904723253250665493396809
-1.0217201067915937517938118617167
-1.0149695881257605467595794834779
-1.0082635922125000593752019995009
-1.0016016797913016578291944824741
-0.99498341461813422093030112591805
-0.98840836228434891808092288556509
-0.98187608661310166180413716574549
-0.97538615192350630600515160040231
-0.96893812553488778416266313797678
-0.96253156959040631068802440495347
-0.95616605473852400720602418005001
-0.94984114383978157647447915223893
-0.94355640141853236446678465654259
-0.93731139676220820433627523016185
-0.93110568944545524239231326646404
-0.92493884609759224879610428615706
-0.91881042863006867627007068222156
-0.91271999882082321953191694774432
-0.9066671142332114463613379484741
-0.90065133093252969231912175018806
-0.89467220576737482851115146331722
-0.88872929004090484017552853401867
-0.88282212883262445313192756657372
-0.87695026543578535882517144273152
-0.87111323904609394563891555662849
-0.86531058238610980559712970716646
-0.85954181820873465369459154317155
-0.8538064623145635856360513571417
-0.84810402315121735661307411646703
-0.84243399122000717227365385042503
-0.836795847014226823468163729558
-0.83118904959256634246145267752581
-0.82561303513095685158162950756378
-0.82006721198832177588400327294949
-0.81455095143572675553400586068165
-0.80906356011988711518512218390242
-0.8036042850452349561862774862675
-0.79817224893716054445746976853115
-0.79276642616419978892849940166343
-0.78738516492344001740377734677168
-0.78202774235858218965233845665352
-0.77670538745206307851276505971327
-0.77141915192458831995736545650288
-0.76616867685358147621599300691742
-0.76095360496884423273655784214498
-0.75577358083845591618654680132749
-0.75062824445755771396449063104228
-0.7455172461032848474360434920527
-0.74044022562177325141874462133273
-0.73539682887501944819064192415681
-0.7303867056048787276267830748111
-0.72540949570167834181688704120461
-0.7204648459422292594567238666059
-0.71555240284610788226160593694658
-0.71067180900277582278334875809378
-0.70582271045479227922214704449289
-0.70100475086425695359082510549342
-0.69621757109193449508666162728332
-0.69146081195641284633524037417374
-0.68673411512901982867163042101311
-0.68203711926737475845783365002717
-0.67736945922019742294395427961717
-0.67273076727163594323855022594216
-0.66812067888268922288830253819469
-0.66353881733921127317188393135439
-0.65898480583452334613525636086706
-0.65445826762236181117771138815442
-0.64995881259032883825454973703017
-0.64548604782822882608428471939988
-0.64103957420982538017995011614403
-0.63661898097344293834254358444014
-0.63222384855189150965060207454371
-0.6278537376772610478781189158326
-0.62350820451608868211224034894258
-0.6191867715409941075321853531932
-0.61488893719929593739692563758581
-0.61061417453275157463110645039706
-0.60636188376019417578532966217608
-0.60213141516552792786853842699202
-0.59792198613388303218840746922069
-0.5937327254996200842640519113047
-0.58956127692895743397372143590474
-0.58541314024051915865243245207239
-0.58129371707621424469891735498095
-0.5772027158945856051275313802762
-0.57313985024223501607565367521602
-0.56910483880421147695471972838277
-0.56509738939653963996079255593941
-0.56111722342710323996328725115745
-0.5571640474503833928565654787235
-0.55323758509133857952377866240568
-0.5493375448950992279151250841096
-0.54546364455298013140804869181011
-0.54161559752351584595686517786817
-0.53779312072510809805692133522825
-0.53399592364330383809090108115925
-0.53022372155133290494433140338515
-0.52647622801829296879105868356419
-0.52275315429707247538715364498785
-0.51905420891894193946569657782675
-0.5153791017786115702392635284923
-0.51172754216293026008344213551027
-0.50809923209147156430987024577917
-0.50449387633363340643910532890004
-0.50091117720188671480485709253117
-0.49735082863770685435156337916851
-0.49381252487314075683144665163127
-0.49029595740953213489632389610051
-0.48680080932783359459747885011893
-0.48332675668475433283788333937991
-0.47987347376980310498240100969269
-0.47644062098211292788363380168448
-0.47302784848490120328534658256103
-0.4696347994531406278007068522129
-0.46626109239496643654732110917394
-0.46290632744917387109140349821246
-0.45957008151674294538224785355851
-0.45625188707495273332526153353683
-0.45295122173111029839631669347
-0.44966747816381630320492490682227
-0.44639996720035718391628165591101
-0.44314708356498955232893877109746
-0.43991135382984480894918988269637
-0.43669865033768101580946563444741
-0.43350878110404467147276363903075
-0.43034151017110972015089487285877
-0.42719660328361042100908662177972
-0.42407382399477794310271860922512
-0.4209729375195730427527962547174
-0.41789370947161080804832522517245
-0.41483590190523839114078441525635
-0.41179928283614708472981646991684
-0.40878361460508144675785047184036
-0.4057886597718293186787263948645
-0.40281418672028390659534125006758
-0.39985995285367259555187047226354
-0.39692572597838410297654831992986
-0.39401126138063385928589354989526
-0.39111632723648825926687777609914
-0.38824067450653676480953890859382
-0.38538406833276928065146194057888
-0.38254625983541773459606361029728
-0.37972700542904835874225000225124
-0.37692605580738847148580816792673
-0.37414316116506407539077372348402
-0.37137806690859687108741127303801
-0.36863051446307759650977686760598
-0.36590024379721541869514567224542
-0.36318698435794932732889606086246
-0.3604904652530375175345511706837
-0.35781040272768166454753213656659
-0.35514651029113009084170471396646
-0.35249848080030415919949859926419
-0.34986600472245482640332170376496
-0.34724874226433394275304067377874
-0.34464633775181097163908816582989
-0.34205839858641778894465801386104
-0.33948448004156495105831936598406
-0.33692406640003030871000078150246
-0.33437656783452551767510385616333
-0.33184047421039652991936463877209
-0.32931887409072679862021004737471
-0.32681624592069452583942279488838
-0.32433237685472871003611317064497
-0.32186705504457890913982964775641
-0.31942006224720481677437078360526
-0.31699118976202034225764236907708
-0.31458022191694157143615484528709
-0.31218694491794096723680240756948
-0.30981114341660281885637573395798
-0.30745260528053769411016560297867
-0.30511111480038294319072633697942
-0.302786455944104027082630636869
-0.30047841473993602834369198717468
-0.29818677195097575971516334902844
-0.29591131258648956103840532705362
-0.29365181601179207726559639013431
-0.29140806420337228566097564907977
-0.2891798338801618850624208789668
-0.28696690331076907254370667033072
-0.28476904766425509274441196794214
-0.2825860384011392723024869155779
-0.28041764733497398509598497184925
-0.2782636397934121763597659082734
-0.27612378146672694745333842547552
-0.2739978280062627113977669068845
-0.271885537940187882455234102963
-0.26978665594644024583459440691513
-0.26770092500032305338208971079439
-0.26562807730707865827568525673996
-0.26356783387180071631661348874331
-0.26151990465599822544007224678353
-0.25948397840515741163969209992501
-0.25745972416042794961299478018191
-0.2554467754290381531490083943936
-0.25344472116286187457490086671896
-0.2514530732683653568848569648253
-0.24947126826067222982175053402898
-0.24749785403960922192112548145815
-0.24553721810431242134065144000488
-0.24359174390988158620530157350004
-0.24166125959861931016270375494059
-0.23974558852767008376716262318951
-0.2378445562357063003400270417842
-0.23595798968578007848151401049108
-0.23408571073324616063082714845223
-0.23222754849734253412840701003006
-0.23038332250566320724693980537268
-0.22855286214350106765991199608834
-0.22673598746054260399951374438388
-0.22493252370089220071314173310384
-0.22314229169529942176097847550409
-0.22136511486700621853529469262867
-0.21960081342717485686222289587022
-0.21784920598640555855496359072276
-0.21611011257695134091250110941473
-0.2143833494595127342474683018736
-0.21266873208279976625867391248903
-0.21096607332830813463786512329534
-0.20927518501620950841513035811658
-0.20759587594604494986683107526915
-0.20592794973020006610298082705413
-0.20427120987329880352767474960274
-0.20262545342273421966616808731487
-0.20099047094323138629157199375186
-0.19936605244842539597094344117068
-0.19775197267265615108655651965819
-0.19614800371938923007064659032039
-0.19455390158141894207943778383196
-0.19296941023004934856466263681796
-0.19139424985027977954565869822545
-0.18982811305422225833794414029398
-0.18827064954042899147523826286488
-0.18672144619604225113107531797141
-0.18517993120338499535293408371217
-0.18364532779923536942590089893201
-0.18212212303667063562073735738522
-0.1806111923117038609021278716682
-0.17911238817999836081540365739784
-0.17762556251216463087949648524955
-0.17615056630142039706399259557656
-0.17468725319844222165777125610475
-0.17323547344721215712759487814765
-0.17179507776730881807303319419589
-0.17036591839758635780199824694137
-0.16894784486055830496908924942545
-0.16754070732304851554239633060206
-0.16614435501363955527409643764258
-0.16475863659904824154445179829054
-0.16338339970589288441260578110814
-0.16201849086920427911451270119869
-0.16066375668036950163930498547415
-0.15931903962870350155434095995588
-0.15798418430692634517598094134883
-0.15665903102675249325415052226163
-0.15534341838656465228929448585404
-0.15403718440387204058339420953416
-0.15274016112503416287005109097663
-0.15145218164826831919178573571116
-0.1501730706301342144204369333238
-0.14890265207661285140616769240296
-0.14764074239515675990297438602283
-0.14638715211700498164404393719451
-0.14514168288003853612977422926633
-0.14390412690964299313733931739989
-0.14267426111156791823653122719406
-0.14145184419808962128506379940518
-0.14023660967681828015685141508584
-0.13902824718201625686653244429181
-0.13782639957720391188367159429617
-0.13663045517103725168261973976769
-0.13544040756548431092554096721869
-0.13426011570881435375213186489418
-0.13308981349958182160975184160634
-0.13192937259723352960705256009533
-0.13077866604503812775206483820511
-0.12963756528188327687978187441331
-0.1285059448929522785132206763592
-0.12738367267488193146363073537941
-0.12627062516928480584432747946266
-0.12516666821883010163318772356433
-0.12407167734519147783700532272633
-0.1229855189266538112446980335335
-0.12190806397859635379354870110546
-0.12083918138463975444629738831281
-0.11977873815573694682434791047854
-0.11872660087958214480963192727359
-0.11768263635859149696116787708888
-0.11664670795270486169936674514247
-0.11561867808940959334584874795837
-0.11459840861190695449067789013498
-0.11358575752732301411551674164002
-0.11258058177918144060480898360765
-0.11158273539897521631214516446562
-0.11059206758771103484839670727524
-0.10960842599638109806647889854503
-0.10863165178408566713397220837578
-0.10766157989057963118018079740068
-0.10669804066849110368853104091613
-0.10574085200160807107572225049807
-0.10478982159114247352249549294356
-0.10384474068770330190680795112712
-0.10290537653059657341447774570042
-0.10197146002387258434396244410891
-0.10104268261674873019551057495846
-0.10011846938324014955057350562129
-0.099199122384047794254158247895248
-0.098287776746503074942751254639006
-0.09738450403315351833199997599877
-0.096489199153658194996197039472463
-0.095601755332629878569861148207565
-0.094722067599041781527091643511085
-0.093850029192446490777790302217909
-0.092985534650106338450115117666428
-0.092128475076657778686239907983691
-0.091278746367851867904441576229146
-0.090436237452198350861287678981171
-0.08960084280809285650626350161474
-0.088772452464848328190782922320068
-0.087950956611953359787214878906525
-0.087136245098188749858003632198233
-0.086328206805997037553979112090019
-0.085526728680381192138071355657303
-0.084731697032882677400600357486837
-0.083942997428431101458734531206574
-0.083160511109535983909069045694196
-0.08238412110008348776535314073044
-0.081613704246129833985712309640803
-0.080849137537999160585400204581674
-0.080090293305923543343283199646976
-0.079337039864382383203000870253163
-0.078589241302336854122501108577126
-0.077846755496765909776435421463248
-0.077109431724773469518652291299077
-0.076377110303803522062260356051411
-0.075649618259767875683152738019999
-0.074926760942936848630679946836608
-0.07420831720718018553739625531307
-0.073494025352387470917392420233227
-0.072783446635733800578194063746196
-0.072076561102307687423085269529111
-0.071376253266899419847035801467428
-0.070682706423981403465184314427461
-0.06999581940214154307522420594978
-0.069315492368826531199843543618044
-0.068641625682653556461687571754737
-0.067974117090595878587500067169458
-0.067312866644415478289964482883079
-0.066657772561001471522956762782997
-0.066008732447384380059851594069187
-0.065365644658044147474740270808979
-0.064728405319954593344355942008406
-0.06409691088923410995370488763001
-0.063471056758721805524103842799377
-0.062850737784500954052901988688973
-0.06223584644269888194179074503154
-0.061626276278517216899999198176374
-0.061021916839680667710155148597551
-0.060422658431720850658042110126189
-0.059828388262808798736536175510992
-0.059238991710369837129235293105012
-0.058654351290992293166404181192775
-0.058074347772239194587218236165427
-0.057498856962061119235674055971685
-0.056927751528812492454179050582752
-0.056360898379809787339667082051164
-0.055798158030832399612020111590027
-0.055239382987169828587159514654559
-0.054684413259556363673397072489024
-0.054133075552746053038521978351127
-0.053585170832075326718957342109206
-0.053040468406820348579167045954819
-0.052498681581045848754119020895814
-0.051959210406727157627315705212823
-0.051424335352763993201019587786504
-0.050894852493689801686826967852539
-0.050370681025584222723079363959187
-0.04985174085485705869347228258448
-0.049337950085665209509766526707608
-0.048829228357735787735549592980533
-0.048325493177202569206052373829152
-0.047826663750314364620397356020476
-0.047332656908398593187392577874562
-0.046843390151786540309686301952752
-0.046358780514646681647494830258438
-0.045878743616297373852930263637973
-0.045403195418564717966702914964117
-0.044932050134220080650493400753476
-0.044465221872716384488022356435977
-0.044002623325304142387626171739612
-0.043544165781168091278185983128424
-0.043089760124694669041200967285477
-0.042639314481265525036413066573004
-0.042192735780973815440386687214414
-0.041749929406147849586528053578149
-0.041310796699706248125139040894283
-0.040875237263400886200681583204641
-0.040443146795425481687669133634699
-0.040014415799853306210387415831065
-0.039588929509624663782840769954419
-0.039166565204198859617701344859597
-0.038747190552347612890748962399812
-0.038330657447482686939199680864476
-0.037916796275883089817337889826376
-0.037505410945012827850231218462795
-0.037096150408078627791486070464089
-0.036689135692213409312145699914254
-0.036286393224634262699712650146466
-0.035887994133876832680840607281425
-0.035493868113880590320352581557017
-0.035103945740027377164782507179552
-0.034718157247408433507818159569069
-0.034336432294816435217832406578964
-0.033958699963633549867569882962925
-0.033584890108969547850570336322562
-0.033214930538605122456452534152049
-0.032848750312591240563264705087931
-0.032486276650530249154869011363189
-0.032127436578988331772332998070851
-0.031772156882370193586861972789848
-0.031420362905349739912619355663992
-0.031071979484856689091021308968266
-0.030726930219656462678345931749391
-0.030385137886788468608578739349468
-0.030046523397722200987569607377736
-0.029711006615820708537389904790871
-0.029378505117951859287872551362852
-0.029048934378842709153056844684215
-0.028722207501927478345837840834065
-0.028398233900635352910946096471889
-0.028076919757953008177642217901848
-0.027758165022946736100184494944187
-0.027441864213559364477079682842486
-0.027127902461507556741704405567361
-0.026816151585389327166586426187678
-0.026506464545716069969305550557692
-0.026198672615323548296117905920255
-0.02589245258427839632697775584802
-0.02558804075261510851957424961256
-0.025287093835615771092450998480672
-0.024989627853045270206022721026784
-0.024695584677546945223669538904687
-0.024404904447120814164895463704852
-0.024117528531474696773528876292403
-0.023833397067552150594416104922857
-0.023552450294453974172226295991095
-0.023274628108151007577220070743351
-0.022999869926650567952819415040722
-0.022728114745443839250782502858783
-0.022459301104620684602641844662685
-0.022193366919374679646637105179252
-0.021930249575474118628459763158389
-0.021669885555533945076245316840868
-0.021412210657756711174037889122701
-0.021157159811322219511442455086581
-0.020904666456072945601718515717948
-0.020654663278340680554467923002449
-0.020407081014788708978047182540649
-0.020161848977166715174424993506364
-0.019918894112647706623464571862314
-0.019678141046151495507920969885163
-0.019439511137951219488240184318784
-0.019202921882744330289716216952911
-0.018968285478193638859956138276175
-0.018735507842689853863493709695831
-0.018504484755628550912698315755733
-0.018275098163910902249185141954513
-0.018047210038952706673276438209541
-0.017820629718776299921234596013164
-0.017595117787558726962782174041422
-0.017372125386075226022297712802356
-0.017151921179140029727339111786932
-0.016934455799086180205481610983043
-0.016719680084102534617374047343219
-0.016507544899530830762035549241773
-0.016298000250889725648573147509524
-0.016090996586966603565382882834456
-0.015886483532236234106349570538441
-0.015684410524385433705063519482792
-0.015484726788719914772340935371631
-0.015287381050532828849486399747093
-0.01509232121541644218443156688636
-0.014899495037912083642006599859542
-0.014708849541415464079463504276646
-0.014520330931410207336851314607884
-0.014333884532959261653983773499021
-0.014149454902949151757773904591886
-0.013966985241412509244351980441934
-0.013786417747423673763051965579507
-0.01360769257208700559746983316245
-0.013430748554329380306526786625909
-0.013255521926860035913930957462981
-0.013081946032509238903029924472321
-0.012909950934548181794569998714906
-0.012739461901731861590003624939982
-0.012570397707321063346386225134665
-0.012402668361471132912887682664405
-0.012236169909085901907896953844102
-0.012070782980456537525348892359034
-0.011906281882071233224618111989912
-0.011742818812906211448088278359592
-0.01158159699491359030665282858763
-0.011422631776232842690244062566762
-0.011265878532239894521671530469575
-0.011111291911766267223593551705108
-0.010958826956429532431536166825481
-0.010808437947595016942470280696398
-0.010660079293157168067729401172983
-0.01051370470592634387418939923009
-0.010369267923595198305219966528057
-0.010226722020635965748613926962207
-0.010086019601839975312618236102935
-0.0099471130998637011244589700709184
-0.0098099539424437807305645620203904
-0.0096744931344200646439190904857242
-0.0095406809906636094731346986463905
-0.0094084666992876753860430838471984
-0.0092777988020678221758874570923581
-0.0091486243545675950683548904862619
-0.009020889224654451976626035047957
-0.0088945376609416669511087860655607
-0.0087695117912697656548104419016454
-0.008645751443108438960560846453518
-0.0085231934380273176310449656511992
-0.0084017704763968675124585772095998
-0.0082814100405879092353655934743983
-0.0081620322345461286672740897074618
-0.0080435458348183698495947879791856
-0.0079258454048109182321635302059804
-0.007808764169905092755730180442697
-0.0076922512743094204404337155267513
-0.007577383758906397828725154397489
-0.0074642506058584913788966908043676
-0.007352816113782452943359313479732
-0.0072430443325147610827974276048735
-0.0071348992535362754097150173038244
-0.0070283444032070707674364484773832
-0.006923343507623825991703636617558
-0.0068198595103378285842143924355696
-0.0067178555818526095033682565826894
-0.0066172940180021337652771507009675
-0.006518137337874126482906156354602
-0.0064203469788250734640033812183901
-0.0063238845531324184429111667782308
-0.0062287105512292759157411126125226
-0.006134785232392138756840616053978
-0.0060420679072434564996219030774682
-0.0059505171942980366467379482742217
-0.0058600905271759817782850632283953
-0.005770744527982083794948042765327
-0.0056824340096860003618273182723897
-0.0055951123434299747383402490186199
-0.0055087308205252786749706039870489
-0.0054232379389762093088722672007407
-0.0053385787928755153164406266341757
-0.0052546937234798389224077475034846
-0.0051715161680920378184378449759606
-0.0050889689427066646040809239082137
-0.0050069659386113114438177085219195
-0.0049252986203711709295438581079907
-0.0048443798733159224023658850910579
-0.0047648097192344168737676568525785
-0.004686559364134396110657121425902
-0.0046095998370306477329161332079366
-0.0045339018998475175831197603315559
-0.0044594361912059796507201703263945
-0.0043861731751297806242151366973303
-0.0043140832141265877952562846076034
-0.0042431360730522532653807843416871
-0.0041733016969565739709424612158273
-0.0041045494995600997553686362095959
-0.0040368484051487053820839179252289
-0.003970167356294535682126323195007
-0.0039044744242232734890429846075222
-0.0038397374527712429918835379538677
-0.0037759236794917970699014819757622
-0.0037129995572007913964829306507909
-0.0036509307765842931130240156534228
-0.0035896822484424643733003090773082
-0.0035292176989618756488553685812803
-0.0034694994238305366593411172004835
-0.0034104882141770291245630453147442
-0.0033521427225652322690052642428782
-0.0032944189002741819383146548716468
-0.0032372689527948076380903241755504
-0.0031806398287969992084989190317401
-0.0031244704736283516674499871612625
-0.003068691708060931628426759587569
-0.0030131556737717684127386696957274
-0.0029580738954453674599553991697576
-0.002904015640461539513733635331505
-0.0028509642752352773800716967400604
-0.0027988961866673611918188147029696
-0.0027477877063903305768222118388167
-0.0026976150053657282565366948290375
-0.002648354040479336795471665411128
-0.0025999806514566889403816674075642
-0.0025524704446812907475405918233946
-0.0025057988062143405662285378099341
-0.0024599408287845504067492541366846
-0.0024148713718401566136195768308426
-0.0023705649149407571896208679618212
-0.0023269956099090543556739962838265
-0.0022841370506291114664265684552902
-0.0022419625588059452145350824991965
-0.0022004446522125714613693503451941
-0.0021595553247130598942260526484915
-0.0021192656885651384515711903588908
-0.002079545918644293799049105331278
-0.002040365058653563490320692608293
-0.0020016906319222458471296377524595
-0.0019634882759662340180606410200426
-0.0019257212743561285574200869774586
-0.0018883493210834667759556726451819
-0.0018513272241652562865449338502799
-0.0018146021731898344473560280576407
-0.0017781114230268867115736242112689
-0.001741713288856427260808956702931
-0.0017058972817351795124574120876559
-0.0016708673081882636796829944003662
-0.0016366028464415019808009255086745
-0.0016030833916320734976179718245248
-0.0015702882113541117084509757262367
-0.001538196487157481593191499236184
-0.0015067872007602887019644954946784
-0.0014760392068805965916367117785057
-0.0014459310946047456043761503252654
-0.001416441323312353939983809780756
-0.0013875479662229148712648818531079
-0.0013592289683284301121668491418859
-0.001331461845898165245044575399902
-0.0013042237728079480313381210976331
-0.0012774915707623301502904311632847
-0.0012512414542530227255096031413473
-0.0012254492283262849450231612991047
-0.0012000899052649789677804648135861
-0.0011751377949038971891526639268477
-0.0011505662580504299845329807538974
-0.0011263473996962003811916908091462
-0.001102451936476939783199346933884
-0.0010788486143380091562826716966583
-0.0010555034623418774099995465221014
-0.0010323788615542277280479055434625
-0.0010094311373569141241507418627066
-0.00098661180576889830409759163387662
-0.00096380059495867749334852003784135
-0.00094128454679613194136522658084232
-0.00091930924728584944780052090607114
-0.00089786049721131454617872869050643
-0.00087692398302455156367668509531654
-0.00085648529222607551469881315142629
-0.00083652989081732997619922365117873
-0.00081704322098830788403955871501694
-0.00079801048200657401579527494561717
-0.00077941679064424344153261259293686
-0.00076124712600668365501677126161439
-0.00074348621140303376708668992023377
-0.00072611866548403516345017161270903
-0.00070912876118983528880151956386158
-0.00069250062706446662268849889798616
-0.00067621798933238013232238650118688
-0.00066026429280297514994718666159201
-0.00064462252460046080490552178332564
-0.00062927521156903908419733006951446
-0.00061420430773393634542312025104138
-0.00059939102589383352632373958002177
-0.00058481571632211059967587640784359
-0.00057045759678022670696728724237801
-0.00055629439081807889166259029067874
-0.00054230172119853624519703050310682
-0.0005284521717044005908667236859344
-0.00051471388655313535069601993399147
-0.00050104648228181344372933470054932
-0.00048737966116539578522587339293182
-0.00047402243576394158253162203209286
-0.00046105817056745347463919681985089
-0.00044847501817088346320883118778511
-0.00043626096825490404389896736958576
-0.00042440403857838232114935150818269
-0.00041289203913055018977176779948479
-0.00040171276770573441112360812965676
-0.00039085385280735330647966518924363
-0.00038030280880538855445976986757728
-0.000370047013499079651029088910974
-0.00036007367092967589115165560897935
-0.00035036981217851552797282188578265
-0.00034092225109210567111917011828837
-0.00033171758496268173663917844251614
-0.00032274211221217655653700773221715
-0.00031398185359438095720294170654086
-0.0003054224270393550129745752208521
-0.0002970490548257151701590228487504
-0.00028884640624532345164893198941058
-0.00028079853883963910420734633177631
-0.00027288868632173793327133637376392
-0.00026509907194834179261500040070132
-0.00025741049697959334646713003280638
-0.0002498017982061325544147767363512
-0.00024224876182350269437568157648855
-0.00023472460365263686705473988869386
-0.0002271674206088470293271597277851
-0.00021970357103178383625929903644192
-0.0002124680581961706736775913340054
-0.0002054549334498045822135214866222
-0.00019865822905304058058548188903103
-0.00019207192268290901098967693449993
-0.00018568995093548254244480988361943
-0.00017950620724892091804349159023246
-0.00017351451785956568756551232635132
-0.00016770864670839137513906613730086
-0.00016208229491530097218787709323351
-0.00015662906768546165387628876786152
-0.00015134248713925948842326518750667
-0.00014621596343760388803101335497558
-0.00014124278145811840342802034875547
-0.00013641608975972213256729059782657
-0.00013172885291138990799739150183711
-0.00012717385237633705786022830785953
-0.0001227436092861150778582368658931
-0.00011843036310880443386268912053794
-0.00011422596637964684907276535774656
-0.00011012180459610416396933757487986
-0.00010610862044721157371966052673784
-0.00010217628029476117539672136436124
-9.8313342657008906009738491427186e-05
-9.4506350285687750400684392637629e-05
-9.0740070421236864112515818625582e-05
-8.6972814067162699407965986697633e-05
-8.3328000886790558679462215252443e-05
-7.9887690867495593071562209885883e-05
-7.664426372511705517695523859345e-05
-7.359005084474943647696726367613e-05
-7.0717316062373980012703555964038e-05
-6.801826860355236238631082557049e-05
-6.5485034230588633381853203019318e-05
-6.3109666244742801139572252466792e-05
-6.0884123022675829212200376838737e-05
-5.880026325470515070805571644641e-05
-5.6849834714078731118160753288393e-05
-5.5024451224401051336373308364713e-05
-5.3315586944744950228559920990534e-05
-5.1714544518737032210032450452175e-05
-5.0212435482748108285088600721835e-05
-4.8800144428749023966553066689045e-05
-4.7468292943353751814870855607609e-05
-4.620717762605873186847194045157e-05
-4.5006711809492854284298068989756e-05
-4.3856317208186815952749432190316e-05
-4.2744792706623361048211273693909e-05
-4.1660102149037645902045212675802e-05
-4.0589040716260055610947049542503e-05
-3.9516650343316524955725871359746e-05
-3.8425788902740882319822995905056e-05
-3.7289620127170813748771621698452e-05
-3.6101443857393099323184471050041e-05
-3.5027984287525923770296315540307e-05
-3.4081351428190978731028182302509e-05
-3.325509220321869890708149641867e-05
-3.2542701958588093121439027699537e-05
-3.1937619119605987919128381458123e-05
-3.1433221080356816266344888166628e-05
-3.1022815681025153614416844938262e-05
-3.0699637429855113741027083928969e-05
-3.0456835810443446755160779026994e-05
-3.0287468719416249616094988228454e-05
-3.0184491235409033988920657343158e-05
-3.0140741644705364968206268150297e-05
-3.0148929093391499324950527638478e-05
-3.0201613536277796946780821452094e-05
-3.0291185849186492512691640244249e-05
-3.0409840140908156664364264676337e-05
-3.0549540833246244871546776211702e-05
-3.0701978161845463403522432654924e-05
-3.0858511415101715785486852228203e-05
-3.1010087364744320990832260331871e-05
-3.1147124968538310036802324587413e-05
-3.1259336875955171007948618644434e-05
-3.1335431727479826666087070474731e-05
-3.1362744902883234339972806647978e-05
-3.1325531386950862566039693879461e-05
-3.1203942624001260359740267391615e-05
-3.1069916262220620265833981310521e-05
-3.0940005960042977432161714901326e-05
-3.0813954974562391352609080907854e-05
-3.0691504331611264421320744988364e-05
-3.057239192702118320884435709317e-05
-3.045635125050420174237439385756e-05
-3.034311297686246813214497319855e-05
-3.0232401439435869854553684543674e-05
-3.0123936316865494592157070918859e-05
-3.0017429839483621384181588620521e-05
-2.99125859452796359237367052053e-05
-2.9809099159992905351754255427466e-05
-2.9706651467589597536084547457769e-05
-2.9604909495941425783428063711611e-05
-2.9503522494080253993267021206393e-05
-2.9402113627086310623966192157042e-05
-2.930027714056217507786888942789e-05
-2.9197564591409314873563657366518e-05
-2.9093472024173512525870716194376e-05
-2.8987417606061045014312349543673e-05
-2.8878703387686031314914025802665e-05
-2.8766454270008439113998077729661e-05
-2.864950406071148798206257857224e-05
-2.8526344915235184976527726963269e-05
-2.8393128045000164409901455275786e-05
-2.8253017043102445719077175922962e-05
-2.8149877273866077292442666735184e-05
-2.8084422023738422088783017738223e-05
-2.8052959099893629642437364868357e-05
-2.8051757436586236427872309562304e-05
-2.8077043381863167647357476530701e-05
-2.8124998082311053899376082632067e-05
-2.8191751427096782935729363250843e-05
-2.8273379094392987688402069101912e-05
-2.8365895488211666236469735147274e-05
-2.8465249014608015430552803715081e-05
-2.8567313799174364944257267784344e-05
-2.8667881862429368680991736972885e-05
-2.8762652844275086192003115792559e-05
-2.8847222222549667687086297207522e-05
-2.8917067844815975117839929042773e-05
-2.8967529316918548884648640373563e-05
-2.8993789779250982217937565588173e-05
-2.8990841183869926875240480290685e-05
-2.8953449694620844349175411980291e-05
-2.8876095050342724787541953679337e-05
-2.875289128968853326492015332061e-05
-2.8577451484767832996965186698191e-05
-2.8342667120006332281880595536094e-05
-2.8040689947989683405938851623596e-05
-2.7656934709198225904366180705196e-05
-2.7216161618376462827308820413563e-05
-2.6736891132595811651669059916259e-05
-2.6218284077685100497568521094038e-05
-2.5659428430531614314302410462254e-05
-2.5059332533131176709920162615219e-05
-2.441690743267049330160814446522e-05
-2.3730960512034304197041476025554e-05
-2.3000172398297447122960876497721e-05
-2.2223078146590554776901652034304e-05
-2.1398041424046892024571353552176e-05
-2.0523220851943730871263030235419e-05
-1.9596526861711468121005422227121e-05
-1.8615569598319706818255470093249e-05
-1.7577580549005662963538143550579e-05
-1.6479317441724612101341604364357e-05
-1.5316926714312242569903527167341e-05
-1.408573547247871381215070241133e-05
-1.2779962105471545468198674155857e-05
-1.1392238735932751377260413461201e-05
-9.9128294958253659896214166069583e-06
-8.328208526038156247583814362212e-06
-6.6181759802955925976221396300758e-06
-4.7489269275433465663984605731329e-06
-2.6503888284605714006285197281709e-06
-3.79229153165845038169711430997e-12

