2452631726.846152782440185546875
1401424682.8931796550750732421875
670326062.7921411991119384765625
335674540.8270142078399658203125
183873784.20477116107940673828125
109181805.18610958755016326904297
69232112.148982614278793334960938
46234393.649630375206470489501953
32198175.478217799216508865356445
23211943.236598432064056396484375
17212486.6541388034820556640625
13069696.661575259640812873840332
10128247.438363617286086082458496
7984871.9975683148950338363647461
6387740.5518052158877253532409668
5178364.0964106786996126174926758
4248769.2745544854551553726196289
3522850.0881660757586359977722168
2946908.1397494464181363582611084
2484084.1028197933919727802276611
2110439.557159810326993465423584
1805183.2763558421283960342407227
1553552.7729601378086954355239868
1344537.9897941108793020248413086
1169712.5990969447884708642959595
1022560.4244691303465515375137329
897996.16774454433470964431762695
792022.0064861790742725133895874
701572.52921696426346898078918457
623696.16713037027511745691299438
556228.168649256229400634765625
497536.41786017245613038539886475
446283.89356469322228804230690002
401368.77607525995699688792228699
361878.07690201618243008852005005
327051.50503018585732206702232361
296253.19006583612645044922828674
268949.57407866144785657525062561
244691.68189681839430704712867737
223108.64810638874769210815429688
203889.27585846456349827349185944
186631.34719895280431956052780151
171089.96241795149398967623710632
157068.63583825618843547999858856
144397.4763148032361641526222229
132929.29164409206714481115341187
122536.46007969308993779122829437
113108.29399648529943078756332397
104551.52323773103125859051942825
96786.026812131167389452457427979
89692.058855301758740097284317017
83198.973395382767193950712680817
77249.579551908012945204973220825
71793.358601870990241877734661102
66785.749171112620388157665729523
62187.333937073264678474515676498
57967.580096900732314679771661758
54085.072878586288425140082836151
50497.379073480216902680695056915
47180.570980580014293082058429718
44113.344921305069874506443738937
41276.848756939565646462142467499
38654.631702860860968939960002899
36235.914171286422060802578926086
33991.997896979293727781623601913
31903.768895121389505220577120781
29958.789628425816772505640983582
28145.774361845262319548055529594
26454.468537108929012902081012726
24875.542332558459747815504670143
23400.496560190433228854089975357
22021.579342505479871761053800583
20731.712230912871746113523840904
19524.42459961864369688555598259
18393.795319444830965949222445488
17334.400859982586553087458014488
16341.26908360278684995137155056
15409.838091375713702291250228882
14535.919618840453040320426225662
13715.666522966759657720103859901
12945.544035116257873596623539925
12222.3045623709185747429728508
11542.965954998811866971664130688
10904.793393542013291153125464916
10305.285463774116578861139714718
9742.165777844689728226512670517
9213.3833152560582675505429506302
8717.1275932904081855667755007744
8251.7936065271060215309262275696
7817.1414139601420174585655331612
7408.2895364097275887615978717804
7021.0084878472989657893776893616
6654.0160676997747941641137003899
6306.1185793936219852184876799583
5976.2039175645259092561900615692
5663.2352572167656035162508487701
5366.2452945493932929821312427521
5084.3309860350000235484912991524
4816.6487348508144350489601492882
4562.4099859256275522056967020035
4320.8771891556170885451138019562
4091.3601026048308995086699724197
3873.2124034603766631335020065308
3665.8285678043830557726323604584
3468.6410196165852539706975221634
3281.1175007485453534172847867012
3102.7586652783375029684975743294
2933.0958589782094350084662437439
2771.6890910471356619382277131081
2618.125165601493790745735168457
2472.0159756702360027702525258064
2332.9969399325927952304482460022
2200.7255809635007608449086546898
2074.8802395439797692233696579933
1955.158918547226676309946924448
1841.2782647428985001170076429844
1732.9726901208077833871357142925
1629.9936523748556282953359186649
1532.1091203056166705209761857986
1439.1032786439172923564910888672
1350.7765602145509546971879899502
1266.9461817271030668052844703197
1187.4475108898041071370244026184
1112.1369861513685464160516858101
1040.8980210906720458297058939934
973.63522383235158486058935523033
910.51751548329411889426410198212
850.73324874781883409013971686363
793.45152942431104747811332345009
738.56793619131440209457650780678
685.98341346640881965868175029755
635.6039726949929900001734495163
587.34041547123433701926842331886
541.10807786784425843507051467896
496.82659107960080291377380490303
454.41966215478532831184566020966
413.81486994638180476613342761993
374.94347698826823034323751926422
337.74025907371924404287710785866
302.1433519369611531146802008152
268.09410900286184187280014157295
235.53698076412183581851422786713
204.41941304801912338007241487503
174.69176135254838300170376896858
146.30723226005102333147078752518
119.2218545408823047182522714138
93.394486288230837089940905570984
68.786876130493510572705417871475
45.363797804403475311119109392166
23.093305590802629012614488601685
1.9471815726315071515273302793503
-18.098260589175879431422799825668
-37.060682568531774450093507766724
-54.950828800942872476298362016678
-71.748778443324226827826350927353
-87.463210085054925002623349428177
-102.46490350085286991088651120663
-116.81104107799183111637830734253
-130.52516760850267019122838973999
-143.62973099211785665829665958881
-156.14613074961107486160472035408
-168.09475894707293264218606054783
-179.4950373247002062271349132061
-190.36545357450449955649673938751
-200.72359004705822371761314570904
-210.58614832372859382303431630135
-219.96897172358285388327203691006
-228.88705603183643688680604100227
-237.35455713351166195934638381004
-245.38478783768459834391251206398
-252.99019935498427003039978444576
-260.18234908553813511389307677746
-266.97183301035147451329976320267
-273.3681847008074328186921775341
-279.37969110756102963932789862156
-285.01307998076572403078898787498
-290.27294108753585533122532069683
-295.16146469626119142048992216587
-299.66809094491236464818939566612
-303.80165314295345524442382156849
-307.70399098740745102986693382263
-311.39142587830110642244108021259
-314.86969650875789739075116813183
-318.14425213538333991891704499722
-321.22025779461228012223728001118
-324.10259476941473621991463005543
-326.79586286609605849662330001593
-329.30437601665084912383463233709
-331.63215751829238797654397785664
-333.7829293126033007865771651268
-335.7600975452699003653833642602
-337.56672800893124986032489687204
-339.20551224291898506635334342718
-340.6787167174738897301722317934
-341.98810426567069953307509422302
-343.13481443240925727877765893936
-344.11915944540032796794548630714
-344.9402695031392340752063319087
-345.59578269627377267170231789351
-346.07768937221703708928544074297
-346.37832601691161471535451710224
-346.58350931489871982194017618895
-346.70739366656266611244063824415
-346.75283697705003760347608476877
-346.7225758028346263017738237977
-346.61922881838449939095880836248
-346.44530245052055761334486305714
-346.20319306266196690557990223169
-345.89519292184195364825427532196
-345.52349107631744118407368659973
-345.09017988350819905463140457869
-344.59725435986979391600470989943
-344.04661777741443984268698841333
-343.44008304290218802634626626968
-342.77937447547492411104030907154
-342.06613026441664260346442461014
-341.30190355349122910411097109318
-340.48816398652434145333245396614
-339.62629897162355518958065658808
-338.71761196788907000154722481966
-337.76332473585216575884260237217
-336.76457501516506454208865761757
-335.72241503954887775762472301722
-334.63780943342067075718659907579
-333.51163090272075351094827055931
-332.34465482954260551196057349443
-331.13755197992043122212635353208
-329.89087773598066632985137403011
-328.60505734296475566225126385689
-327.28036579786771653743926435709
-325.91689559329552139388397336006
-324.51451309585877424979116767645
-323.07278428745462406368460506201
-321.59085252156637579901143908501
-320.06721602082143363077193498611
-318.49980247256144139100797474384
-316.87948245775771738408366218209
-315.22237753586955477658193558455
-313.56361240676017132500419393182
-311.90364794057484232325805351138
-310.242750520218237397784832865
-308.58116972363961849623592570424
-306.91913746415434616210404783487
-305.25686969036860318738035857677
-303.59456635397066293080570176244
-301.93241198139662628818769007921
-300.27057636752851976780220866203
-298.60921480764193347567925229669
-296.948468716340130413300357759
-295.28846570242387770122149959207
-293.62931981481403909128857776523
-291.97113256784211898775538429618
-290.31399234221794358745682984591
-288.65797445673536003596382215619
-287.00314275424852894502691924572
-285.34954783363195929268840700388
-283.69722830767102550453273579478
-282.04621030744738163775764405727
-280.39650786206902921549044549465
-278.74812218955082698812475427985
-277.10104183730391014250926673412
-275.45524235242601207573898136616
-273.81068579007967400684719905257
-272.16732026426018364873016253114
-270.52507918119874830154003575444
-268.88388077797753794584423303604
-267.24362605352303035033401101828
-265.60419909501172242016764357686
-263.96546394423694437136873602867
-262.32726336271912259689997881651
-260.68941648984218772966414690018
-259.05171456949756247922778129578
-257.41391812281574402732076123357
-255.77575089923357154475525021553
-254.13689215009389954502694308758
-252.49696798058414515253389254212
-250.8555362511657449431368149817
-249.21206680474659833635087125003
-247.56590970629451931017683818936
-245.91624336209520151896867901087
-244.26198228224382091866573318839
-242.60174692164366661017993465066
-240.93208751024991443046019412577
-239.25453242078339144427445717156
-237.58835414041817557517788372934
-235.93445176650493522174656391144
-234.29273218676689793937839567661
-232.66310098816944673671969212592
-231.04546236099747602565912529826
-229.43971880952949504717253148556
-227.84577209473496850478113628924
-226.26352188042869784112554043531
-224.69286811368590406345902010798
-223.1337083199185258308716583997
-221.58594005221368661295855417848
-220.04945931468245134965400211513
-218.52416171356770746569964103401
-217.0099417562008170534681994468
-215.50669335599292253391467966139
-214.01430965850488519208738580346
-212.53268328371797224463080056012
-211.06170580419802718097344040871
-209.60126876399522188876289874315
-208.15126277463366477604722604156
-206.7115778691367040664772503078
-205.28210374425196960146422497928
-203.86272937516815773051348514855
-202.45334327006406738291843794286
-201.05383361258589047793066129088
-199.66408764138446940705762244761
-198.28399236863668875230359844863
-196.91343421334050844961893744767
-195.55229912556029603365459479392
-194.20047193582792033339501358569
-192.85783771920392837273539043963
-191.52427973994389276413130573928
-190.19968175144703081969055347145
-188.88392570225130384642397984862
-187.57689317701465370191726833582
-186.27846466050931439895066432655
-184.98851961933115717329201288521
-183.70693637819880450479104183614
-182.43359172805782009163522161543
-181.16836130826760609124903567135
-179.91111873527722764265490695834
-178.66173622643901808260125108063
-177.4200834768289496423676609993
-176.18602803084263541677501052618
-174.95943448026278588258719537407
-173.74016460043429788129287771881
-172.52807622424526812210388015956
-171.32302328168972849198326002806
-170.12485459396680198551621288061
-168.93341343281400668274727649987
-167.74853604944132712262216955423
-166.57005088423412075826490763575
-165.39777624598949046230700332671
-164.23151859418695153181033674628
-163.07106900184953701682388782501
-161.91619968641327886871295049787
-160.76665746402321133246005047113
-159.62215521043137300694070290774
-158.48235761669977250676311086863
-157.34685730857464136533963028342
-156.21513464312445762516290415078
-155.08655749962596814839344006032
-153.95898246529722541708906646818
-152.83826415048966396170726511627
-151.72785111606609120826760772616
-150.62759499418990571939502842724
-149.53734848640306154265999794006
-148.45696638831793734425446018577
-147.3863051662266627772623905912
-146.32522289428800377208972349763
-145.27357921311880772918811999261
-144.23123558334620497589639853686
-143.19805474158042102317267563194
-142.17390094846081183277419768274
-141.15864015852758939217892475426
-140.15213958087949208675127010792
-139.15426774056641079369001090527
-138.16489449509430187390535138547
-137.18389126384278142722905613482
-136.21113020692322947979846503586
-135.2464851513157100271200761199
-134.28983072389641506561019923538
-133.34104277767622193096030969173
-132.39999801640607302033458836377
-131.46657437562004133724258281291
-130.54065050520094359853828791529
-129.62210578161176499634166248143
-128.71082067121523095920565538108
-127.80667599407453849380544852465
-126.90955327788918793885386548936
-126.01933457801857230151654221117
-125.13590243914009647596685681492
-124.2591395276293155802704859525
-123.38892884825352780353568959981
-122.52515340283994760284258518368
-121.6676962228460467940749367699
-120.81643978284284912660950794816
-119.97126658788667441513098310679
-119.13205807380103351533762179315
-118.29869503406473540962906554341
-117.47105697211571850857581011951
-116.64902191978757173274061642587
-115.83246609506076651996409054846
-115.02126298226377798528119456023
-114.21528346013514010337530635297
-113.41439435141177227706066332757
-112.61845779346174367674393579364
-111.82733014030317519882373744622
-111.04085973534695597209065454081
-110.25888514394861772416334133595
-109.48123157363552593324129702523
-108.70770556458111855135939549655
-107.93808714888747601889917859808
-107.172114953551627536398882512
-106.40947584464987585306516848505
-105.6496164050566903824801556766
-104.89225825226355937047628685832
-104.14083447129596038394083734602
-103.39566294527359957555745495483
-102.6566806301153604863429791294
-101.9238253569896528460958506912
-101.1970352562518229433408123441
-100.47624935098153287071909289807
-99.761406987009237923302862327546
-99.052448245418887040614208672196
-98.34931382141739675262215314433
-97.651944840338472886287490837276
-96.960283173913694554357789456844
-96.274270962529556072695413604379
-95.593851298054971721285255625844
-94.918967510128624098797445185483
-94.249563618397019126859959214926
-93.585583982954773318851948715746
-92.926973918571093236096203327179
-92.273678725357783036997716408223
-91.625644653745183632054249756038
-90.982818253471165803603071253747
-90.345146517723449619552411604673
-89.712577235139761455684492830187
-89.085058357575434229147504083812
-88.462538474671760013734456151724
-87.844966719182863812420691829175
-87.232292519170286482221854384989
-86.624465994802335444546770304441
-86.021437491876099556975532323122
-85.423158060423020287998951971531
-84.829578911657961270975647494197
-84.240651967426046553555352147669
-83.6563293995449441808887058869
-83.07656394490902584948344156146
-82.501308672916408681885513942689
-81.930517031589602083840873092413
-81.364143052860811167192878201604
-80.802140929398021285123832058161
-80.244465469477248120711010415107
-79.69107171272672474060527747497
-79.141915164999801390877109952271
-78.596951670037142889668757561594
-78.056137427170853015923057682812
-77.519429022607496904129220638424
-76.986783344578526566692744381726
-76.45815771092553347898501669988
-75.933509634998131332395132631063
-75.412797054061329049545747693628
-74.895978230014549126281053759158
-74.383011590446727723247022368014
-73.873856056764324762298201676458
-73.368470670565827163045469205827
-72.866814811379612137898220680654
-72.368848131027178283147804904729
-71.874530459724326192372245714068
-71.383822009692607934994157403708
-70.896683006288483852586068678647
-70.413074054063869766650896053761
-69.932955923690755639654526021332
-69.456289478966397155090817250311
-68.983035785151287200278602540493
-68.513156153185605035105254501104
-68.046611762590544003614922985435
-67.583364112100070997257716953754
-67.123374754447553414138383232057
-66.66660510115107740602979902178
-66.213016852715554705355316400528
-65.762571372401254166106809861958
-65.315230237794906997805810533464
-64.870954715804700185799447353929
-64.429706106576972501898126211017
-63.991445316033164658620080444962
-63.556133026843184552490129135549
-63.123729668514513946320221293718
-62.694195038662428487441502511501
-62.267488516301646939155034488067
-61.843568719331024396979046287015
-61.422393403225704844317078823224
-61.00391930750386393356166081503
-60.588101798805190867369674379006
-60.174894629082110952822404215112
-59.764249475688671964235254563391
-59.356115351398500479263020679355
-58.950437746483167700262129073963
-58.547157540351555837787600466982
-58.146208986588717948507110122591
-57.747516875918179835025512147695
-57.35099101793061038279120111838
-56.956524405990450077297282405198
-56.563892088926294832162966486067
-56.17318979129015588114270940423
-55.785626400543272040977171855047
-55.401234373281191381011012708768
-55.019980220837588547055929666385
-54.641830731470641069336124928668
-54.266753127182106197778921341524
-53.894714922255474220946780405939
-53.525683976024588162090367404744
-53.159628473840825790830422192812
-52.79651694822431551301633589901
-52.436318197499197424349404172972
-52.079001459764342030211992096156
-51.724536069809083471682242816314
-51.372891921749754828852019272745
-51.024039045863332830776926130056
-50.677947827264759439458430279046
-50.334588849196038040645362343639
-49.993933242850090437059407122433
-49.655952037044990277081524254754
-49.320616929569084163631487172097
-48.987899569971609992080630036071
-48.657772141723505399113491876051
-48.330206836391738534075557254255
-48.005176358299266325957432854921
-47.682653475721792801778065040708
-47.36261131423201220513874432072
-47.045023181607675155646575149149
-46.729862669704843369800073560327
-46.417103560623978353305574273691
-46.106719943921689264243468642235
-45.798686042619401348474639235064
-45.492976349308875683163932990283
-45.189565563555731841915985569358
-44.888428629144563331010431284085
-44.589540581429609744645858881995
-44.292876786732264804413716774434
-43.998412693191767175449058413506
-43.706124070370343304148263996467
-43.415986719748147493191936518997
-43.127976650661395296992850489914
-42.842070107261591260794375557452
-42.558243401911674652637884719297
-42.27647313575543819297308800742
-41.996735850790301469714904669672
-41.719008359704645272358902730048
-41.443267588185463523586804512888
-41.169490532771334301287424750626
-40.897654332233699392418202478439
-40.62773618636760630806747940369
-40.359713357904297481582034379244
-40.093563259197992465487914159894
-39.829263286155722312287252862006
-39.566790807226468018598097842187
-39.306123425240159008353657554835
-39.047238423171634735808765981346
-38.790113365406462264672882156447
-38.53472551142981217253691283986
-38.281052204837266117465333081782
-38.02907057292870263154327403754
-37.77875771075280653121808427386
-37.530090251045393756612611468881
-37.28304486909142667627747869119
-37.037597614209289531572721898556
-36.79372437576664367497869534418
-36.55140034230199574949438101612
-36.310600078887560471230244729668
-36.071297369368267027311958372593
-35.833464889423353838537877891213
-35.597073952716002054330601822585
-35.362094082998652311289333738387
-35.128492388063278895060648210347
-34.896232522970848322074743919075
-34.665272975081066419988928828388
-34.435564296995735844575392547995
-34.207050010569417963779415003955
-33.979578218590205551663530059159
-33.753407580156100209478609031066
-33.528994979588489400157413911074
-33.306323129551671513581823091954
-33.085374135834072717443632427603
-32.866130408569844689736783038825
-32.648574385594692159884289139882
-32.432688742826826455711852759123
-32.218456264396493793356057722121
-32.005859960012969622766831889749
-31.794882925320251843004371039569
-31.585508451418270681188005255535
-31.3777199957529333573802432511
-31.1715010930925018328707665205
-30.966835520466005959860922303051
-30.763707080603577281863181269728
-30.562099831139722283523951773532
-30.36199790424467082061710243579
-30.163385587082530037150718271732
-29.966247280074497894020169042051
-29.770567502591600117511916323565
-29.576330993927410162314117769711
-29.383522441562785587620965088718
-29.192126860831052681533037684858
-29.002129179333316244537854800001
-28.813514642269652199502161238343
-28.626268403712195720345334848389
-28.440375914324594219806385808624
-28.25582255949908017100824508816
-28.072593955425229950151333468966
-27.89067573792471677052162704058
-27.710053684329700729449541540816
-27.53071364004507159961576689966
-27.352641512700838433147509931587
-27.175823327650800109722695196979
-27.000245172548943628498818725348
-26.825893182670203174211565055884
-26.652753619843284837997998693027
-26.480812716964486241977283498272
-26.310056842994974601879221154377
-26.140472387678357790719019249082
-25.972045719371891436821897514164
-25.804763334027914112311918870546
-25.638611701571758061390937655233
-25.473577270994699262018912122585
-25.309646577190221705677686259151
-25.146806059934441179848363390192
-24.985042205477917320877168094739
-24.824341363771043944552729954012
-24.664689967820599747483356622979
-24.506074209527049845291912788525
-24.348480320602138959884541691281
-24.191894315106175383789377519861
-24.036302021806001505410677054897
-23.881689163117108876122074434534
-23.728041105945536060062295291573
-23.575342881619576473894994705915
-23.423579246648841944988816976547
-23.272734278530741391932679107413
-23.122791536272416124120354652405
-22.973733667337469910307845566422
-22.825542224975968963462946703658
-22.678197288082174054579809308052
-22.531676694525131665614026132971
-22.385955181704851213453366653994
-22.241002395905063337977480841801
-22.096782601008804647335637127981
-21.953197263116614124101033667102
-21.810526240464696456911042332649
-21.668917446962851158787088934332
-21.528360873385398832624559872784
-21.388846567860674952044064411893
-21.250364602675261949116247706115
-21.112905203511033391805540304631
-20.976458650316317289252765476704
-20.841015348513128202512234565802
-20.706565701872950313600085792132
-20.573100303194472360246436437592
-20.440609743153878241628262912855
-20.3090847144487298692183685489
-20.178516032840200011833076132461
-20.048894529156626731491996906698
-19.920211105190411160492658382282
-19.792456838494285165097608114593
-19.665622752478938650710915680975
-19.539700033823176994474124512635
-19.414679895789177521692181471735
-19.2905536010872857843878591666
-19.167312593924904717823665123433
-19.044948212147431831908761523664
-18.923452019099503473853474133648
-18.802815555026345606393078924157
-18.683030440565566721033974317834
-18.564088390012546625484901596792
-18.445981105006737266194249968976
-18.328700443560730803937985911034
-18.212238263554173300917682354338
-18.09658646269447501708782510832
-17.981737045753980908102676039562
-17.86768204728905118372495053336
-17.754413560084920220560888992622
-17.641923675840246232837671414018
-17.530204627141266371381789213046
-17.419248644528650515894696582109
-17.309047965874757579740617075004
-17.199594946191325561812845990062
-17.090881938984555432625711546279
-16.982901336888165388927518506534
-16.875645581679858509005498490296
-16.769107150643460357741787447594
-16.663278535945572400578384986147
-16.558152267386489597811305429786
-16.453720910757269280111358966678
-16.349977035216838316955545451492
-16.246913242251082465372746810317
-16.144522148254861093619183520786
-16.042796371501133023684815270826
-15.941728525690658457847348472569
-15.841311283354974293047234823462
-15.741537218253192520478478400037
-15.642398973196719680345267988741
-15.54388912931371358183696429478
-15.446000278548329021077734068967
-15.348724902640835665579288615845
-15.252055536400369817329192301258
-15.155984558693068819934524071869
-15.060504343087940171130867383908
-14.965607120226341208990561426617
-14.871285044757787119351633009501
-14.777530076388796231867672759108
-14.684334085767750011086718586739
-14.591688620341813020786503329873
-14.49958505626613103345334820915
-14.408014374957483383354883699212
-14.316967144860573313280838192441
-14.226433388834980320325485081412
-14.136402358565820946978419669904
-14.046862303102189528658527706284
-13.957800004063143362031951255631
-13.869199922652160950065081124194
-13.781043635475139552681866916828
-13.693300260632462084231519838795
-13.605952093342796871411337633617
-13.519214843643961643238071701489
-13.433110446639915380728780291975
-13.347632821225834831579959427472
-13.262775956114007058772585878614
-13.178533928328675983721041120589
-13.094900755386323254469971288927
-13.011870638831386060019212891348
-12.929437696399954660364528535865
-12.847596210142068429149730945937
-12.766340396311619542757398448884
-12.685664579382315508837564266287
-12.605563153328787961982015985996
-12.526030428810944528095205896534
-12.447060922317175979401326912921
-12.368649080193723222009793971665
-12.290789389044537216477692709304
-12.213476474759174195128252904397
-12.136704848178748505915791611187
-12.060469206251852369859989266843
-11.984764172761899203578650485724
-11.909584473654113878637872403488
-11.834924830694021125054860021919
-11.76078003729545073952067468781
-11.687144856533645764784523635171
-11.614014156388147824827683507465
-11.541382785175267500221707450692
-11.469245633453310162508387293201
-11.397597655520877779622423986439
-11.326433741225777396266494179145
-11.255748920987361572088047978468
-11.18553816980180215523432707414
-11.115796519166792677424382418394
-11.046519004352484571995773876552
-10.977700698325838502000806329306
-10.909336671963233200699505687226
-10.841422044403294933090364793316
-10.773951923027347277184162521735
-10.706921421928399240641738288105
-10.64032571142192651336699782405
-10.574159889375909671116460231133
-10.508419163792829920112126274034
-10.44309864630881534708350955043
-10.378193515103339095162482408341
-10.313698925576353815358743304387
-10.249609977621489065313653554767
-10.185921850173103919701134145726
-10.122629634324869840611427207477
-10.059728403085689052431916934438
-9.9972132642295541415933257667348
-9.9350791609254684999541495926678
-9.8733211392044601950601645512506
-9.8119340655262128336744353873655
-9.750912818680426141781936166808
-9.6902521161261248039409110788256
-9.6299466473416153178277454571798
-9.5699909170591457296950466115959
-9.5103792990712392452223866712302
-9.4511059502379914931680104928091
-9.3921648029117008604771399404854
-9.3335494582465550195138348499313
-9.2752531004519767066085478290915
-9.2172683343295425117958075134084
-9.1595870165210921953757861047052
-9.1021997841526527395217271987349
-9.0450954472377631532253872137517
-8.9882612872792755354112159693614
-8.9316599951231889775726813240908
-8.8753824789784374615919659845531
-8.8195043646584174723557225661352
-8.7640218913886300811100227292627
-8.7089313371172174527146125910804
-8.6542289538029031348287389846519
-8.5999110787273167488820035941899
-8.5459740399546078037928964477032
-8.4924142000420808074068190762773
-8.4392279348075174283394517260604
-8.3864116820798386697788373567164
-8.3339618402147479514496808405966
-8.2818748955863075167371789575554
-8.2301473310192001520135818282142
-8.178775627602623998768649471458
-8.1277563343845873333748386357911
-8.0770859732097175509579756180756
-8.0267611354407399915089627029374
-7.9767783849484583669209314393811
-7.9271343565888150450859939155634
-7.8778256497877414687991404207423
-7.82884891989002973389233375201
-7.7802008290592921113670854538213
-7.7318780457208555745296507666353
-7.6838772885353838759669997671153
-7.6361952381292006464263977250084
-7.5888286356684320210774785664398
-7.541774206882768005755224294262
-7.4950287184324704270466099842452
-7.4485889153836790654850119608454
-7.4024515873776230989733448950574
-7.356613500167236807669723930303
-7.3110714520371278268839887459762
-7.2658222410111017453004933486227
-7.2208626782965801282898610224947
-7.1761895497192815795983733551111
-7.1317996882966809835124877281487
-7.0876898823030680674150971753988
-7.0438569620148907546308691962622
-7.0002977229534479874928365461528
-6.9570089566180710605181047867518
-6.9139874567851222764147678390145
-6.871230007472394873957455274649
-6.8287333600687070145340840099379
-6.7864942646772981049707595957443
-6.744509421410164407006959663704
-6.7027755187869981767789795412682
-6.6612892068608147155828191898763
-6.6200470730136586894332140218467
-6.5790456760140285652482816658448
-6.5382814811772131946554509340785
-6.4977508635759608779380869236775
-6.4574501381334137306566844927147
-6.4173754461537040327812064788304
-6.3775227984491111854481459886301
-6.3378879871985889238317213312257
-6.2984665580062282330686684872489
-6.2592536521661248372083719004877
-6.2202439845192154521669181121979
-6.181431437620945601452149276156
-6.1428088033700163350658840499818
-6.104367898623757504594777856255
-6.0660853179847533667157222225796
-6.0280134095352053691385663114488
-5.9902068867076057046006098971702
-5.952663238815691926220097229816
-5.9153799747631143901571704191156
-5.8783546257433982873408240266144
-5.8415847450763012105312554922421
-5.8050678734457035190530405088793
-5.7688015801378380587038918747567
-5.7327834780287796334619088156614
-5.6970111413173754044692032039165
-5.6614821999751434589143173070624
-5.6261942696491633597588588600047
-5.5911450160970730394183192402124
-5.5563320647306992938752046029549
-5.5217530910129051235912811534945
-5.4874057852033768512001188355498
-5.4532878153889043915114598348737
-5.4193969010098825833665614482015
-5.3857307420617690496555951540358
-5.3522870618687115040756907546893
-5.3190635903938563444626197451726
-5.2860580645541910271845154056791
-5.2532682358073614636850834358484
-5.2206918439175344914815468655434
-5.1883266829482721504973596893251
-5.1561704757386568331867238157429
-5.1242210353496551178409390558954
-5.0924761187430975795109588943888
-5.0609335089985698630243859952316
-5.0295909935520883848880657751579
-4.9984463602120801084538470604457
-4.9674973870096517103434052842204
-4.9367418699926082226170365174767
-4.9061775837282537437999963003676
-4.8758023198630588979085587197915
-4.8456138303256928168138983892277
-4.8156099037469157764235205831937
-4.7857882760221306384096351393964
-4.7561467089815652187212435819674
-4.7266829242549288636610071989708
-4.6973946158960924179837093106471
-4.6682794976130441710893137496896
-4.6393352006322343683564213279169
-4.6105593660807464573281322373077
-4.5819495619506538375276250008028
-4.5535033413439380822751445521135
-4.5252181577719072791410326317418
-4.4970914229098930547934287460521
-4.4691204376017275023968977620825
-4.4413023956429995564576529432088
-4.4136343610292287920060516626108
-4.3861131505888995008035635692067
-4.3587353766241205832443483814131
-4.3314972610528661434159403142985
-4.3043944499525110813920036889613
-4.2774217949627804102874506497756
-4.2505728135654328170289772970136
-4.2238326801849526148657787416596
-4.1972549278116746407363280013669
-4.1708589166767744416119967354462
-4.1446429480658322219710498757195
-4.1186053278595640136927613639273
-4.0927444002744621798228763509542
-4.0670584718212534625081389094703
-4.041545911099151844325660931645
-4.0162050466920620195310220879037
-3.9910342451906228866675974131795
-3.9660318864779755543281680729706
-3.9411963231801614426785818068311
-3.9165259626570119166899530682713
-3.8920191662765559748038413090399
-3.8676743647782307888860486855265
-3.8434899303902394507304052240215
-3.8194642942945145058786238223547
-3.7955958647966188124200925813057
-3.771883066246457083536824939074
-3.748324328053046716746621314087
-3.7249180765987359720270433172118
-3.7016627462726012787186391506111
-3.6785567928233700030205000075512
-3.6555986405088987112321774475276
-3.6327867515373295503877670853399
-3.6101195628683449001528060762212
-3.5875955394045986324158548086416
-3.5652131106927891224245286139194
-3.5429707519354534106525989045622
-3.5208668933133955292191785702016
-3.4988999992492049173620216606651
-3.4770685027689065549338920391165
-3.4553708526984845406104795983993
-3.4338054877316492863315033901017
-3.4123708285682488039469717477914
-3.3910653028173407541601136472309
-3.369887314318285920222706408822
-3.3488352686818858572337376244832
-3.3279075354147891196987529838225
-3.3071024855298576383688669011462
-3.2864184464811687647056714922655
-3.26585375018157897386572585674
-3.2454066458642008008439461264061
-3.2250754035017727971990098012611
-3.2048581806676761374319539754651
-3.1847531204187689013451745267957
-3.1647582791209907249196930933977
-3.1448715952997314815320351044647
-3.1250909068565686510510204243474
-3.1054138640480308808378140383866
-3.085837894268983916390425292775
-3.0663600602503473524507171532605
-3.0469768742164573538389049645048
-3.0276844219571268368440541962627
-3.0084715868589415599387848487822
-2.9893637815117490852401260781335
-2.9703868426844310945966753934044
-2.9515395375539572597745063831098
-2.9328205922553167717126143543283
-2.9142287897189218526250442664605
-2.8957628839716020863193080003839
-2.877421642343579222256266803015
-2.8592038426608552548202624166152
-2.8411082695868650205284211551771
-2.8231337002655845225262964959256
-2.8052789324334432841112629830604
-2.7875427600712159303952830669004
-2.7699239867338336651414465450216
-2.7524214039510113138931046705693
-2.7350338368908615471752909797942
-2.717760082361421858365702064475
-2.7005989655007494043559290730627
-2.6835492971239793824622665852075
-2.6666099010953305814553004893241
-2.6497795963858323808892691886285
-2.6330572120254691625973464397248
-2.6164415668755331978445610729977
-2.5999314991489650417122447834117
-2.5835258221709271886368242121534
-2.5672233704293310196931088285055
-2.5510229682768876813270253478549
-2.534923434394760199950269452529
-2.5189236011404574355765362270176
-2.5030222799678045753069000056712
-2.4872182871646817403643581201322
-2.4715104273045289673405022767838
-2.4558975112387320116624778165715
-2.4403783285497859800727837864542
-2.4249516643787401015686100436142
-2.4096162962273233176802023081109
-2.3943709798064682914287004678044
-2.3792144578018423750620513601461
-2.3641454562232717684366889443481
-2.3491626774512477382472752651665
-2.3342647852668205743498219817411
-2.3194504300348404157716686313506
-2.3047181887884926609899594041053
-2.2900666227551553788543969858438
-2.2754941893276461328810000850353
-2.2609992954018873767552122444613
-2.2465802112571866544499243900646
-2.2322350563421058389224072016077
-2.2179617340180142193162282637786
-2.2037577959291505536043587198947
-2.1896204071599010276827357301954
-2.1755439858823817367294850555481
-2.1615320610284349811536230845377
-2.14761312766350398462122939236
-2.1337876451919459697137426701374
-2.1200547623017067522255274525378
-2.1064135988879173488896867638687
-2.0928633180905764632484533649404
-2.0794030461073327309406977292383
-2.0660319464795531274603490601294
-2.0527491668520156942179255565861
-2.03955385658724663855423386849
-2.0264451825707134879905879643047
-2.0134223030533866527491682063555
-2.0004843757901213940897378051886
-1.98763057777342710963353056286
-1.9748600613037996520660044552642
-1.9621720129215642902664740176988
-1.9495655910464781968016723112669
-1.9370399716937525269599973398726
-1.9245943354067456265710234220023
-1.9122278457024659559237989014946
-1.8999396836828550405584792315494
-1.8877290222185301171720084312255
-1.8755950387633748555060719809262
-1.8635369017395120305735645160894
-1.8515537858090929113075162604218
-1.8396448689844679957872131126351
-1.8278092985546106064020932535641
-1.8160462682005604762025541276671
-1.804354915515046897667161829304
-1.7927344020282318659553766337922
-1.7811838868581955086511925401282
-1.76970249637809429188450849324
-1.7582893867044853131176296301419
-1.7469436607011510353970606956864
-1.7356644437032882066773709084373
-1.7244508246404357532099993477459
-1.713301893655689633888528078387
-1.7022166986581839243086733404198
-1.69119427823970491786553793645
-1.6802336313378027909948286833242
-1.6693337243612598186359718965832
-1.6584934600422140960063188686036
-1.6477116971276690726710967282997
-1.6369871822072585842988701188006
-1.6263185610952082260638462685165
-1.6157042956731280103355175015167
-1.6051425634243936535483499028487
-1.5946313037874857432285580216558
-1.5841652532175896084254418383352
-1.5737541305882238873437017900869
-1.5634149527448566452392242354108
-1.5531470468588697286804745090194
-1.5429496844205681238548777400865
-1.5328221687457213029404101689579
-1.5227637915296308168677796857082
-1.5127738420062490920514619574533
-1.5028516222694805470894152676919
-1.4929964304478451353475065843668
-1.4832075661384562792477481707465
-1.473484337161531820825643990247
-1.4638260403422975741705158725381
-1.4542319909651220122270842693979
-1.4447014881351609716375605785288
-1.4352338437759208922273046482587
-1.4258283643628235637379475519992
-1.4164843605184112007577823533211
-1.4072011427196504662617826397764
-1.3979780188560426701371852686862
-1.3888142945954864426738595284405
-1.3797092836754658584652588615427
-1.3706622892099746824356998331496
-1.3616726178522235990442368347431
-1.3527395705935214564874513598625
-1.3438624515230523925879424496088
-1.3350405537128124944246110317181
-1.326273174458789894103460937913
-1.3175595970992346472883127717068
-1.3088991125620585975752874219324
-1.3002909900854240365930536427186
-1.2917345015780181682885086047463
-1.283228902829557593889830968692
-1.2747734466851434742551418821677
-1.2663673644974315912747897527879
-1.2580098758655668955697137789684
-1.2497001831004854732753983626026
-1.2414374605499207682157702947734
-1.2332208581645383027591833524639
-1.225049489160608739979352321825
-1.2169224257560575797043611601111
-1.208838673654469619833662363817
-1.2007971666530137255790577910375
-1.1927967285430258748135656787781
-1.1848360110652884635840109694982
-1.1769134329986508102905418127193
-1.1690269728772495483326565590687
-1.1611725084376751659931414906168
-1.1533661898110625365632131433813
-1.1456131450910100877393915652647
-1.137912869381987546191226101655
-1.1302648537749988566503134279628
-1.1226685937030422834936871367972
-1.1151235880996381855112531411578
-1.107629331775692005379596594139
-1.1001853289264553747983654830023
-1.0927910747459235185630177511484
-1.0854460730407711199774212218472
-1.078149828244105989938361744862
-1.0709018381021606636238630017033
-1.0637016148954385741376427176874
-1.056548655947440851221585944586
-1.0494424620087408062119038731907
-1.0423825521584317854717482987326
-1.0353684144133847855329122467083
-1.0283995630849303015708073871792
-1.021475496032377971999949295423
-1.0145957177074529376170630712295
-1.0077597306260976939285001208191
-1.0009670306750446666654852378997
-0.99421711960928382811886194758699
-0.98750948615227529536753081629286
-0.98084362868171670601924461152521
-0.97421903169715817760732079477748
-0.96763518176278751070640282705426
-0.9610915535758269845345580506546
-0.95458762721939460771380936421338
-0.94812286433482384495619044173509
-0.94169672149831973317901656628237
-0.9353086479644863171500901444233
-0.92895808361886544890495542858844
-0.92264444271938717001546592655359
-0.91636713221050580813198394025676
-0.91012553474835333755521560306079
-0.90391900212996345587157520640176
-0.89774685516124885786837239720626
-0.89160836416929833969646779223694
-0.88550274088777225500734857632779
-0.87942910141627905762362615860184
-0.87338642080284023538894189186976
-0.86737350762812936988410683625261
-0.8613883393167903745890612299263
-0.85543045686781016279098821541993
-0.84951331855276568383317226107465
-0.8436379555359507786960193698178
-0.83780393534868236038448685576441
-0.83201083713162338195701295262552
-0.82625822970911699805185435252497
-0.82054568915367054326992501955829
-0.81487279326250439126511082577053
-0.8092391129466144361614965418994
-0.80364423247285643459036919011851
-0.79808772178588349710537386272335
-0.79256916322488268900059438237804
-0.78708813153262824346967363453587
-0.78164420868521378160664880851982
-0.77623696654665175209686367452377
-0.77086598612093126803301856853068
-0.76553084513193581095436002215138
-0.76023111844008028903374452056596
-0.75496637891819573518148445145926
-0.74973620359658932343904780282173
-0.7445401633274900676795482468151
-0.73937782941751140075581361088553
-0.73424876816661621692361450186581
-0.72915254649492045047054489259608
-0.72408872668432722186082628468284
-0.71905686520782963189191150377155
-0.71405651841101158705527041092864
-0.70908723217777058778210630407557
-0.70414855159210687496340597135713
-0.69924000961798604691921354969963
-0.69436113274761901426046506458079
-0.68951143836634587458433998108376
-0.68469042840143967687538406607928
-0.67989759249916292827009556276607
-0.67513239808165459443500822089845
-0.67039429339897282922322574449936
-0.66568269386345979565788866239018
-0.6609969791952748918717475135054
-0.65633646792894018151542923078523
-0.65170041119763177928092545698746
-0.6470879407976358743681544183346
-0.64249803974157482233664495652192
-0.63792906230004575718339765444398
-0.63338028670418755616822181764292
-0.62886296951540887611997732165037
-0.62437817664286343610768881262629
-0.6199255658650146827426397067029
-0.61550479601034069343512555860798
-0.61111552455321183074943292012904
-0.60675741211600009439308678338421
-0.60243011789448808190883255520021
-0.59813330360906147298294399661245
-0.59386662669304768336075994739076
-0.58962975144963258866681599101867
-0.58542233437764668035896420406061
-0.58124403962128678990950447769137
-0.57709452455875631660120461674524
-0.57297345067255889272672675360809
-0.56888047532176022613725763221737
-0.56481525996181691784414624635247
-0.56077746006408202283921582420589
-0.55676673085973438226403686712729
-0.55278272869807354439330993045587
-0.54882510653934790667562992894091
-0.54489351402813857028206712129759
-0.54098760060632422597137747288798
-0.5371070131046578044475836577476
-0.53325139220689754537829685432371
-0.52942037389273355341146043429035
-0.52561359753984560061468300773413
-0.52183068620464223563715222553583
-0.51807126327384689368216186267091
-0.514334943321681614669671489537
-0.51062133038726764677761593702598
-0.50693002030131106838695131955319
-0.50326058736904344392826260445872
-0.49961260479229074871199145491119
-0.49598560811015385274558298078773
-0.49237911243779863834646448594867
-0.48879260464624180171355760649021
-0.48522550415321580308258830882551
-0.4816771750115383388113343698933
-0.47814685228609854483750041254098
-0.47463368427705099339419803072815
-0.47113534508098980913004538706446
-0.46765729976398828782180316920858
-0.46420491452473106042120321035327
-0.46077791015115981965166724876326
-0.45737601531405996935220059640415
-0.45399895660646155670647772240045
-0.45064645608335751614248465557466
-0.44731824721790247600949896877864
-0.44401404931878524218191728323291
-0.44073359582870763606621267172159
-0.43747660830933460252012423552515
-0.4342428167803000227387144605018
-0.43103194579783488116220269148471
-0.42784372295065925539958584522537
-0.42467787248245569831084367251606
-0.42153411906297538758181531193259
-0.41841218818357728270740381049109
-0.41531180323472127735584535912494
-0.41223268353043446277084171924798
-0.40917455139568242872272207932838
-0.40613712608404095583125581470085
-0.40312012347610115536866715046926
-0.40012325786409502770268886706617
-0.39714624287172650696220443933271
-0.39418878491551245790702751037315
-0.39125058982446336841576339793392
-0.38833135849736266642651116853813
-0.38543078735365066123108590545598
-0.38254856311316914885267692625348
-0.37968437149630657190257920774457
-0.37683788379053684280961533659138
-0.37400876392247239810018299976946
-0.37119666333312517636500160733704
-0.36840121470735492925641096917388
-0.36562202993564590913777578862209
-0.3628586980198063582925271930435
-0.36011076324316132479808061361837
-0.35737771817122632178609364927979
-0.35465896914753752833249222931045
-0.35195384242480909353645301962388
-0.34926076383917575851612014048442
-0.34658222114904441157889891655941
-0.34392399923952265972104669344844
-0.34128592077977243368636095510738
-0.33866776174074647576262009351922
-0.33606930258054978910564614125178
-0.33349031984700955311140546655224
-0.33093059212216252573668384684424
-0.32838989838194709847130070556886
-0.32586801504522822092724254616769
-0.32336472095293161688189798042004
-0.32087979514484066267954176510102
-0.31841301122809440027339178413968
-0.31596415027299051825337983245845
-0.31353298590244049748321231163573
-0.31111929596354870319885321805486
-0.30872285194900261906525429367321
-0.30634343170975797399080420291284
-0.30398080298171148427854859619401
-0.30163474147468904984492610310554
-0.29930501282413846109164978770423
-0.29699138688164422594795155418979
-0.29469362783144958939374191686511
-0.29241149759760587389934016755433
-0.29014475658382249401157082502323
-0.28789315912279223041991826903541
-0.28565645846612619518367637283518
-0.28343439878086640337784274379374
-0.28122672134170145774589855136583
-0.27903315839139658516288022838125
-0.27685343595367922775452029782173
-0.27468726247658253880601364471659
-0.27253434216382432797587398454198
-0.27039435242590897923165016436542
-0.26826695274913353594925524703285
-0.26615176739493173752038046586677
-0.26404837068298747659866876347223
-0.2619562667891650598051000997657
-0.25987489093076421298178502183873
-0.25780278344543250401699197027483
-0.25574293847756440767327035246126
-0.25369969578119166975227471994003
-0.25167285751310336516795018724224
-0.24966222440800478477029855639557
-0.24766759312754568767012131047522
-0.24568876743845982635328084597859
-0.24372554484769914928676826093579
-0.2417777256340072900009374734509
-0.23984510891643001651019062592241
-0.23792749502747534418034547343268
-0.23602468138645227302419016268686
-0.23413646628923970305358182031341
-0.2322626483272530739654371245706
-0.230403023421283881244647773201
-0.22855738763560362603044495699578
-0.22672553558300284626270126864256
-0.22490726234243318959471480411594
-0.22310235789679447315769778015238
-0.22131061458276318765214796258078
-0.21953182076113994525279338176915
-0.2177657616884655922273594796934
-0.21601222267847605684742973153334
-0.21427098386541471031208061504003
-0.21254182378698011079976026849181
-0.21082451303456387070589528320852
-0.20911882366028075597164104237891
-0.20742451517981302933080201000848
-0.2057413461959209100005097070607
-0.20406906213895412149916808175476
-0.20240740182483135667368401300337
-0.2007560880732024433115157080465
-0.19911482975066763234650579761364
-0.19748331074382011185441854195233
-0.19586118506378602521778020673082
-0.1942480618103936962359767903763
-0.19264347691436012333099370152922
-0.19104689336030625246287684149138
-0.18945692447886161580150599093031
-0.18787777271649888644056147768424
-0.18631172606173651562500026557245
-0.18475862394269465527329998622008
-0.18321830354975848775822555580817
-0.18169060284065907673323181370506
-0.18017536103433939853601941649686
-0.17867241384069429410708096384042
-0.17718160159195045499913589992502
-0.17570275797433615450060528928589
-0.17423572341722903811245259930729
-0.17278033187935448733441035074065
-0.17133642072346705331753469181422
-0.16990382346562271642653740855167
-0.16848237643482741332512375720398
-0.16707191265742676877792405321088
-0.16567226308613450247442244744889
-0.164283260647390155773095443692
-0.16290473485049844493133264222706
-0.16153651368823729317369952696026
-0.16017842314604305298253450473567
-0.15883028791224679254767693237227
-0.15749192989400567777025230498111
-0.15616316689829926045440799953212
-0.15484381479561978856018811256945
-0.15353368499654387879793659976713
-0.15223258218362983873461757866608
-0.15094030935368479839908673056925
-0.14965665783448825476575905213394
-0.14838141290957712614684282925737
-0.14711434750663637816003870284476
-0.1458552212774179013266007132188
-0.14460377252532696790154886912205
-0.14335971261638580376285290185479
-0.14212271294296077717156379094376
-0.14089238474770196529739507695922
-0.13966819070235769739696252145222
-0.13844939871650038809569593922788
-0.13724023903966417470279282042611
-0.13604154166355270083599293684529
-0.13485317147847819541084390948527
-0.13367499393958681697114343478461
-0.13250687356966778240874305083707
-0.13134867586996998300996608577407
-0.13020026512488658276822661719052
-0.12906150491177464934011709374317
-0.12793226073650248997282119489682
-0.12681239516695100300047727159836
-0.12570177091721659867751270667213
-0.12460025125686650937506527725418
-0.12350769770196430574760171339221
-0.12242397084868095191723114112392
-0.12134893108247481186001692776699
-0.12028243732436598445456610306792
-0.11922434671352787061149314240538
-0.11817451686023423829130507556329
-0.11713280138375160854824486023062
-0.11609905273946356796255230392489
-0.11507312308640026132788847235133
-0.11405485837947496041699935176439
-0.11304410584044022325400646877824
-0.11204070473842367428041200128064
-0.11104449415916405052850990387014
-0.11005530527928776562962553953184
-0.10907296408691055655815205227555
-0.10809728886732575259266297962313
-0.1071280882297596520613680581846
-0.10616515763953304762878815381555
-0.10520827430553632286791554406591
-0.10425719238562723700791678993482
-0.10331162654336693840217975548512
-0.10237124569189900991084130055242
-0.101435484009054943665972814415
-0.10050433691678667402769065120083
-0.099581390267959868367597664473578
-0.098666863357758191610535902782431
-0.097760640708239907037402360856504
-0.096862607447202153654330913923332
-0.095972647046075540422371830118209
-0.095090645304870990983658884942997
-0.094216483537744200038588360257563
-0.093350048742539853963151585958258
-0.092491220515885971820146949085029
-0.091639885034656656803697671875852
-0.090795921884376698529628413325554
-0.089959213606204790902864942836459
-0.089129641522707039880124568753672
-0.088307085235460339167623544653907
-0.087491423291976885834309030087752
-0.086682534988244214213537475188787
-0.085880296022183930104709759234538
-0.085084581964038646928472076069738
-0.084295266905137278268256295632455
-0.083512221964578511879118138949707
-0.082735317255358653554253578477073
-0.081964419752101794203191786891693
-0.081199392255979066512772135411069
-0.080440096290799692480000260275119
-0.079686387221828289262326450170804
-0.078938114525993322012631381312531
-0.078195123797284965538878509505594
-0.07745724853510400909062383334458
-0.076724313621913994842849149335962
-0.075996128192916193033745742013707
-0.075272479489023130794222993245057
-0.074553121437356470457835655452072
-0.073837771456831402527853924766532
-0.073125902709688286873479512451013
-0.072417792152322121856933279104851
-0.071716315950353437536080036807107
-0.071021542055441672092186422560189
-0.070333377006435507383663718883327
-0.06965172568730182423024643867393
-0.068976494121730083652899168100703
-0.068307587605199643343567572628672
-0.067644911764206699933410504854692
-0.066988369759147292636924930775422
-0.066337867854280016532975139398332
-0.065693308117446849725418189791526
-0.065054595332636785953717151187448
-0.064421631873778500976257532784075
-0.063794319547022762528776240742445
-0.063172559817214882227354166843725
-0.062556253548684909171484491707815
-0.061945299783732199472296997555532
-0.061339596666895888910087109024971
-0.060739041893101079760963756370984
-0.060143529476018614543519902326807
-0.059552954416961623174131545965793
-0.058967206854207893096386783327034
-0.058386176439504992863316346074498
-0.057809748736639327004738220239233
-0.057237805919822776212768644654716
-0.056670226014220434485046951067488
-0.056106881684900883344724320522801
-0.055547637743565511647680921214487
-0.05499235077102163082862773535453
-0.054440865329572894759646572993006
-0.053893006710588269025929974986866
-0.053348576061930809422140242759269
-0.052807338399980571774783300043055
-0.052268898662601044613484901901757
-0.051733238267235526208764895272907
-0.051202946775745543372959645012088
-0.050678191048901463644504872263497
-0.05015888222325945444701744690974
-0.049644933502682356274426922482235
-0.049136257308101019547486032479355
-0.048632764408979636816532376997202
-0.048134367450902069973661667745546
-0.047640977417470788124465030932697
-0.047152504498066252769383766008104
-0.046668859666796645713215951900565
-0.046189952432958876482604892999007
-0.04571569184785140294025040930137
-0.045245986225037775063650968832007
-0.044780743769740449788940850339714
-0.044319870122502082188109540084042
-0.043863272010789544630426917137811
-0.043410852767281619957184801705807
-0.04296251602693281629319344006035
-0.042518163168747742652886500991372
-0.042077693324074155745151415430882
-0.041641003858029268513973875087686
-0.04120798981852771825096226621099
-0.040778542404435104418158886119272
-0.040352549501625832595319565143654
-0.039929894721132841439725780219305
-0.039510455005378808390759104440804
-0.039094100994153307970790933723038
-0.038680691966701034878450826681728
-0.03827007535063396692631698670084
-0.037862076258261261052506796431771
-0.037456491102117996094822416353054
-0.037053068031188449160673314963788
-0.036651278194108717622956561399405
-0.036253128328429251592268656168017
-0.035859320485339685191661374119576
-0.035469785094958572457812806533184
-0.035084453209380597749067476343043
-0.034703254369011830859914624625162
-0.034326119494805198972819937353052
-0.033952977455398332395919425152897
-0.033583758713340343404762933232632
-0.033218391774257040316431499604732
-0.032856805420200384248996527958298
-0.032498928316113007142007518268656
-0.032144687811101406438307748203442
-0.031794011218807559371324344965615
-0.031446824908990519964469001479301
-0.031103054734808122105960137560032
-0.030762625455330962209732348355828
-0.030425460463693303897469988328339
-0.030091483072988187141838523075421
-0.029760613898622903517043880583515
-0.029432772683805213248531273961817
-0.029107877620953966080197261590001
-0.028785843782575919191923929929544
-0.028466584330953257492291541552731
-0.028150009099585260319287272068323
-0.027836023536116034915455230702719
-0.027524528445318538483199688471359
-0.027215417821394242980925781694168
-0.026908576939130228466989791513697
-0.02660387794838530578500623846594
-0.026301174030237451512137525355683
-0.02600029542762375203701630255182
-0.025700938468750104265447831153324
-0.025403206899622117476145177761282
-0.025108850748734500013537029872168
-0.024817932426689413849540954970507
-0.024530392801331697000266629515863
-0.024246173139080087061136836723563
-0.02396521448312066010499776780307
-0.023687457349067086304073015412541
-0.023412841843994607049506129214933
-0.023141308677335995641621835261503
-0.02287279679417335287450185887792
-0.022607246251068715409138221161811
-0.022344595374773536938795004402891
-0.022084782663796161117364391657247
-0.021827745959470713776884309709203
-0.02157342221231805037828799243016
-0.021321747784917053497588668165008
-0.021072658069031812572147188689087
-0.02082608755097842961889753610194
-0.020581969389859972735523641063082
-0.020340235680875791424160325959747
-0.020100816523627457882428259949847
-0.019863640481781446450737504960671
-0.019628633699660107125861685517521
-0.019395719556128173527431712841462
-0.019164818339167392219346552906245
-0.018935845396692050496278980631359
-0.01870871111831238706169067143037
-0.018483318005833766078938040777757
-0.018259557388152380941193086982821
-0.018037304538665088760041044224636
-0.017816416024382941696302395939711
-0.017596618057923181510648902303728
-0.017378109592950788386822580378066
-0.017162292937632373651668515890378
-0.016949182611483846333522151894613
-0.016738730340645768812635196809424
-0.016530886531207218681505111135266
-0.016325602526059745933650901861256
-0.016122828573471813945472419504767
-0.015922515205828907669527438883961
-0.015724612442182692162440105221322
-0.015529070035772252200700904722908
-0.015335837333239895480252457105053
-0.015144863278950194268590578872136
-0.014956096328406762174800803677499
-0.014769484500282880484745007265701
-0.014584975030063503792510104517532
-0.014402514501705113159069071571139
-0.014222048883864779264540878500611
-0.014043522954564369512042709686739
-0.01386688057322258728343289391205
-0.013692064295884700739214245857056
-0.01351901527042763569153027702896
-0.013347672789116643218831903539012
-0.013177974107498408029570668986707
-0.013009853836579512303961436714417
-0.012843243298195515869619676152524
-0.012678069514898136424529972998698
-0.012514254024752336294512566894355
-0.012351710302296387694598323037098
-0.012190340027160994837429619508384
-0.012030028389859618448420874869953
-0.01187061702718280285784313576869
-0.011711906844878459954539806631146
-0.011555097384881410013668379122009
-0.011400411459525871399334207012544
-0.011247809158251473662937236497328
-0.01109725079462888473746939865805
-0.010948696500751912974447321857951
-0.010802105951600820057945107066644
-0.010657438985888298063620105438076
-0.010514654865235237637954845979493
-0.010373712681556714054753598475145
-0.010234571283737080304998556812279
-0.010097189212001511302019274296526
-0.0099615242999021476333343372289164
-0.0098275342543021424607241343096575
-0.009695176099596634552990614963619
-0.0095644063363397417709688141940205
-0.0094351806510292544200035891321932
-0.0093074541376557198835151041294012
-0.0091811807716353135283560149559889
-0.009056313677933068920222758890759
-0.0089328043964501842311154433673437
-0.0088106033216728066315148737430718
-0.0086896587509684552336208795964012
-0.0085699166513667351940952698896581
-0.008451320293385364626481681682435
-0.0083338090948157847459576430537709
-0.0082173171813262318313730858676536
-0.0081017715485952376125444729382252
-0.0079870879468596431283167191850225
-0.0078731695998963419774741012702179
-0.0077598338614741548674436089072515
-0.0076472028058088611229825559689743
-0.0075362472154483278394265788335815
-0.0074269800302356695637095995721211
-0.0073193658162378919321278125664776
-0.0072133685988120307269744202471884
-0.0071089526907017639920094431715825
-0.007006081756264217856589038291304
-0.0069047195963736996901505271750921
-0.0068048294865308452117336202036313
-0.0067063746268368707934004468995681
-0.0066093177888053022961400984058855
-0.006513621299753690439826581126681
-0.0064192473484354405435792223499902
-0.0063261573669851278375886316496235
-0.0062343124243766142450473566327673
-0.0061436729860278784659533002354692
-0.0060541987165601621190269554517727
-0.0059658486687280470536776100232146
-0.0058785807658678756321135594475891
-0.0057923519422498305139757057702354
-0.0057071179278066390752610637093767
-0.0056228326301348075313968344346449
-0.0055394482560561474071558762943823
-0.0054569145149203478889488039271782
-0.0053751779319927851102933757942992
-0.0052941808358739099113488002501526
-0.0052138597448965415259714006879221
-0.0051341421611253417606191007394045
-0.005054944372499111868157761762177
-0.0049761342720453047988593553441206
-0.004897670803417732317275312681204
-0.0048204019107180012121416368131577
-0.0047443982344267787015779092030243
-0.0046696322147290660747875890024261
-0.0045960761468087207165522656282519
-0.0045237022288811302994648855246851
-0.0044524823926185980171865708143741
-0.0043823885637929507752552638066845
-0.0043133922303611660006850136994672
-0.0042454649182104174306995325594016
-0.0041785775764414763086551651838363
-0.004112701231561276954407091466237
-0.004047806167328874861477405744381
-0.0039838627177879335980459352128946
-0.0039208403926831621177928610677554
-0.0038587085201604509263062503521269
-0.0037974356651792112379850685499605
-0.003736989879122126247124047182524
-0.0036773383024765859267146694833173
-0.0036184474127848569730003802646934
-0.0035602823327719954060732732159522
-0.0035028070347173255114081591443664
-0.0034459839009054571250245668778689
-0.0033897731723485403920737013550024
-0.0033341324332800065591286831079287
-0.0032790156444445963529465970509591
-0.0032243714215631413474993927081869
-0.0031701402602187017318313699831833
-0.0031162557471093423402952460321558
-0.0030625577981116618685175634340112
-0.0030093613557292354585004368061618
-0.0029571253328080750535922227584251
-0.0029058281127335595234173482026563
-0.0028554479726262101471623289228319
-0.0028059629759589225714289106861088
-0.002757351096286729356943379087852
-0.0027095901730294605531945695275908
-0.0026626579550138402760484090947557
-0.0026165317681845568290044390380444
-0.002571189044482460883678243135364
-0.0025266068158004278965123035050055
-0.0024827617980835471611644749145853
-0.0024396306156644663801214001352946
-0.0023971893413984265465421774621291
-0.0023554138122365364874100102099419
-0.0023142794260670742322039128424649
-0.0022737609927417565258700449248863
-0.0022338327554798195935525928490506
-0.0021944683479911903170589404510338
-0.0021556405284324994808820008529437
-0.0021173209755762350398056170774908
-0.0020794802561486360262255068676041
-0.0020420873010919991449862997967557
-0.0020051090476156368386240202994486
-0.0019685096172936088210203564585754
-0.0019322491913327172804309972420356
-0.0018962819845338377972021604023212
-0.0018605561310648887317353850079371
-0.0018249611900535676629192538555913
-0.0017896539071715971639525699643514
-0.001755057597310927036335370665654
-0.0017211601899102036729305442719351
-0.0016879444016802639533247898384616
-0.0016553929424938937983030617928648
-0.0016234883597686699044371216871241
-0.001592213082490807462415771666997
-0.0015615494202926405008929888751368
-0.0015314795319205768992648630799636
-0.0015019854027033758062104062958042
-0.0014730488125539054761192758746802
-0.0014446513546938271818631527310117
-0.0014167743520830037955160474183458
-0.0013893988866492414623043938348701
-0.0013625056321466386035495821360541
-0.001336075054371547348244786412863
-0.0013100870367352768566804321892505
-0.0012845210766091112557230058399682
-0.0012593560298104443644778838162779
-0.0012345700664011236870332144377471
-0.0012101405221572429649068425305813
-0.0011860436351375746016206802480042
-0.0011622542727918714917240139428145
-0.0011387455709284276163945071047578
-0.0011154880811860348743813631244848
-0.0010924487946953279765560651526357
-0.0010695891851511415103492819156372
-0.0010468635377040565008488481879567
-0.0010241691743333805348498133369617
-0.0010018579904402869548002419364252
-0.0009800769802262424869321311149406
-0.00095881168923039579790601472097933
-0.00093804766230334239024424292097137
-0.00091777028945103046250753031642944
-0.00089796490267985903943603887000791
-0.00087861668476511411030732690008449
-0.00085971072430428199101504205259516
-0.00084123194058189428197469528214469
-0.00082316513569800073887167135566756
-0.0008054948596725879138638615195589
-0.00078820555309007259495168717933211
-0.00077128136861241442662207035141364
-0.00075470621274096563908806434284315
-0.00073846373337974340229916681010991
-0.00072253716219965711826250798210935
-0.00070690943739963401325210323733472
-0.00069156293281455243852212655397693
-0.00067647953806224505376304412251898
-0.00066164046312489760426345242194657
-0.00064702604467493864300042805126623
-0.00063261563745058884203342763896671
-0.00061838721145593639281351494574324
-0.0006043168429588973789359784838382
-0.00059037802938554013489069749454075
-0.00057654005737997832473085146887115
-0.00056276881245207680936476490884957
-0.00054898014966562398882221618379162
-0.00053537355999288681763365049803838
-0.00052212012192783137896900935714939
-0.00050921012640320437604019021549107
-0.00049663378315795690155776132002075
-0.0004843812376757851228224749373652
-0.000472442547842980508331078848272
-0.00046080775494479383471921329906706
-0.00044946673586355101112643772864885
-0.00043840930986688866856024193729979
-0.00042762519375874098476880691421798
-0.00041710394668745048515900997188055
-0.00040683503270612971901981635980405
-0.00039680770253297612676357530858695
-0.00038701109138301187373443212891289
-0.00037743406952110323485799492360115
-0.00036806531053082554814925853037266
-0.00035889318133155246942286864531013
-0.00034990573574656996976017797607028
-0.0003410906367285966621707982149303
-0.00033243505319817179049710076377266
-0.00032392557031338551970164885140946
-0.00031554801468533456767356915051437
-0.00030728721111370252937200486798019
-0.00029912658809264270785496786508872
-0.00029104755206463777230177503163588
-0.00028302856878925012999725918660943
-0.00027504248010080923313169787292054
-0.0002670424922245373294989179147052
-0.00025922881395842541953078441707703
-0.00025165602452223434504219312657369
-0.00024431689597342323098244643020394
-0.00023720410627095121422480694661772
-0.00023031034428345299258991674129504
-0.00022362818024256438456665030400927
-0.00021715017109659163997356645658954
-0.00021086877526071908005647626005441
-0.00020477638077602588247833059753589
-0.00019886529252925044418051636618827
-0.00019312771308943740226210517008099
-0.00018755573862415196974631759196939
-0.00018214133535421491404127092295084
-0.00017687633985098320322029707973854
-0.00017175241003296816866448282201674
-0.0001667610353249965337608939908165
-0.00016189346818260979014511558027323
-0.00015714072270035770481459713732164
-0.00015249348655307570711732456647525
-0.00014794208481332940183228252806202
-0.00014347635865891899056845382176562
-0.00013908555562958804861610484504553
-0.00013475809650940128673474172060764
-0.00013048126354327444290093218626225
-0.00012624058774846779905007276845197
-0.00012202008524234768632558967293988
-0.00011778428471478777968955986565902
-0.00011360108610869446010838146321476
-0.00010954494659686144907451837982038
-0.00010561341171284061176381674496128
-0.00010180402365352498325959396119345
-9.811430331620678941748070478468e-05
-9.45417564333144930244223758109e-05
-9.1083872967610330804652529756993e-05
-8.7738115499627757987513576587446e-05
-8.4501920831996655061879586412488e-05
-8.1372699438059682003343553446939e-05
-7.8347820223486909193069682721955e-05
-7.5424613299200150059314884387618e-05
-7.2600357290729557310435260397696e-05
-6.987227015811931613801372131789e-05
-6.7237500840273788224252249356994e-05
-6.4693103832764108605812847230254e-05
-6.223603432829246534258721412769e-05
-5.9863103206223257032620593820482e-05
-5.7570956735590951330785308703852e-05
-5.5356009828430783573267881525481e-05
-5.3214381872215078860335890631461e-05
-5.1141773596573088960827446758373e-05
-4.9133283567932080522500104535766e-05
-4.7183079788970100625512121839122e-05
-4.5283831032354144403503926064047e-05
-4.3427014829726669317873366527039e-05
-4.1581301139613842550706718226294e-05
-3.9862716679459578468774222370641e-05
-3.8343297338241751266198209524561e-05
-3.7013335539631459273311742119716e-05
-3.5863052864656749384349165854502e-05
-3.488258917730036761696565950075e-05
-3.4062001143168994679675393166818e-05
-3.3391246634333859009697437203457e-05
-3.2860180957749619422465781060083e-05
-3.2458542287229017321396884465656e-05
-3.2175940539657857776892346812758e-05
-3.2001843330852234800754096966102e-05
-3.1925557847587937251344902822581e-05
-3.1936213146412954972698516886709e-05
-3.202273584987197464161307047803e-05
-3.2173822031997212041783823499586e-05
-3.2377904687932944328108975096114e-05
-3.2623110363567083317369588169043e-05
-3.2897205956394300508261602233873e-05
-3.3187530501177559167941960582837e-05
-3.3480901022529385019366188203094e-05
-3.3763484264159339658800673689143e-05
-3.4020607493693454841457435300356e-05
-3.4236465102385589477813898628966e-05
-3.4393624879369474726421851418223e-05
-3.4472590918120199444604767613498e-05
-3.4446395861471222578018003268596e-05
-3.4300197848246514195982848072219e-05
-3.4146465874282830679255218431223e-05
-3.3997586926929746333012755110659e-05
-3.3853315248134118538476944326732e-05
-3.3713402977820858686785338020897e-05
-3.3577600102885143420160252158979e-05
-3.3445654653342470194118951631879e-05
-3.331731191648103332413402566381e-05
-3.3192314877610696677648349783851e-05
-3.3070402750368971158800163179237e-05
-3.2951311851687306077058475795027e-05
-3.2834774743418457818369682321702e-05
-3.2720518678162796078791318965528e-05
-3.2608266893056344704407423229497e-05
-3.2497736181762290272323490114559e-05
-3.2388636500839734972713446214954e-05
-3.2280670551049564509504818943242e-05
-3.2173530826294397476881881114963e-05
-3.20668982323621547833418510276e-05
-3.1960440375147879511850274036888e-05
-3.1853805766544288774477777792526e-05
-3.1746619617169297069159822344275e-05
-3.1638474639294445161889768325381e-05
-3.1528914791307978404948791917306e-05
-3.1417418556320510561723907683174e-05
-3.1303299718442821868852332656274e-05
-3.1185683113793254291577772274735e-05
-3.1069060617656927571726688253051e-05
-3.0954318398793477875880625349581e-05
-3.0841312348802352085591627073313e-05
-3.0729896575807740227281178446717e-05
-3.061992328355393283784505187306e-05
-3.0511241460441708450192221935282e-05
-3.0403698266795032136098481112541e-05
-3.0297136080189059883973484721409e-05
-3.0191393896894898129330472857923e-05
-3.0086304983976397127258539665462e-05
-2.9981696187495025806863530037916e-05
-2.9877386991804262387790319666081e-05
-2.9773186685161705055226513683131e-05
-2.9668891762446351846507081040372e-05
-2.9564284269306221475262855258315e-05
-2.9459124062675917866049521420813e-05
-2.935314588606311583872214565627e-05
-2.9246046836185426607765402984285e-05
-2.9137474647578184854977353945849e-05
-2.9027006580425384837679941840705e-05
-2.8914113370098287026472780314457e-05
-2.8798102421351992830306568138532e-05
-2.8678008357620760212201849181923e-05
-2.8552548590579227472032591839124e-05
-2.841819274287698510292506093311e-05
-2.82782395296628781089336157617e-05
-2.8175200486397869480744565739982e-05
-2.8109663514799352598350426490903e-05
-2.8077947704524308701959367517986e-05
-2.8076333359512771307986422897329e-05
-2.810105864527446238327473837515e-05
-2.8148316224766955205051355282109e-05
-2.8214247826094130408916549335174e-05
-2.8294941137677431081641488130884e-05
-2.838642277660430914823161407945e-05
-2.8484653400796613884277466710593e-05
-2.8585519675201696816009208634846e-05
-2.868482623127466331239103503048e-05
-2.8778285990382317246442239744297e-05
-2.8861507484412728845920431686167e-05
-2.8929982224500085596311654834167e-05
-2.8979063925038668305582748030425e-05
-2.9003950122346115194586074759187e-05
-2.8999647645062326449614392709364e-05
-2.8960938555569248680984784094505e-05
-2.8882319058307239076008321454481e-05
-2.8757920625525302881853387249045e-05
-2.8581375532610260375640520713603e-05
-2.83455967858855617351465649989e-05
-2.804275950655529754717079637949e-05
-2.7658323805877163407192925737021e-05
-2.7216968184633117571521315758432e-05
-2.6737151335266090920348910908722e-05
-2.6218034444569333582010506322746e-05
-2.5658706207841944647429083259382e-05
-2.5058175253084244177726597202494e-05
-2.4415353260806565435054801826986e-05
-2.3729048314657622692231547789632e-05
-2.2997941684184037051084936731371e-05
-2.2220569083081806536356106462904e-05
-2.1395295110459131878019242711808e-05
-2.0520279204743177618947350127065e-05
-1.9593432891391668332218070625039e-05
-1.8612367387079753499375817105133e-05
-1.7574315497684958505822047647449e-05
-1.6476036479213495682940790465487e-05
-1.5313678422535076102499462802342e-05
-1.4082570595495533564370932433363e-05
-1.2776933838951737808231623461097e-05
-1.1389403330930415473502652357052e-05
-9.9102472308013575574055925576644e-06
-8.3259450190782337855545033877824e-06
-6.6163045706704214232057349731608e-06
-4.7475334027866925511954937499937e-06
-2.6495836508568604269000818646207e-06
-3.7951371493243468127667039997418e-12

